//
//  MFZAvatarGenMdlFemaleBones.cpp
//
//  Copyright MyFiziq (ASX:MYQ) 2017.
//

#include "MFZAvatarGenMdlFemaleBones.hpp"

using namespace ahi_avatar_gen;

// Class methods

mdl_female_bones::mdl_female_bones(void) : m_female_BonW(N_VERTS_3, std::vector<double>(N_BONES, 0))
{
    // BonW
    for (unsigned int i = 0; i < N_VERTS_3; ++i) {
        for (unsigned int j = 0; j < N_BONES; ++j) {
            m_female_BonW[i][j] = c_female_bone_weights[i][j];
        }
    }
}

std::vector< std::vector<double> > &mdl_female_bones::getBonW(void) const {
    return const_cast<std::vector< std::vector<double> >&>(m_female_BonW);
}

// Model data

const double mdl_female_bones::c_female_bone_weights[N_VERTS_3][N_BONES] = {{0.028529, 0.118285, 0.000000, 0.385797, 0.230557, 0.000219, 0.000000, 0.167662, 0.067591, 0.000219, 0.000000, 0.000439, 0.000307, 0.000000, 0.000219, 0.000176, 0.000000}, {0.447146, 0.004166, 0.044544, 0.001495, 0.000235, 0.000000, 0.000000, 0.001495, 0.000235, 0.000000, 0.000000, 0.244830, 0.007926, 0.000000, 0.239275, 0.008652, 0.000000}, {0.032403, 0.003757, 0.000470, 0.002818, 0.000470, 0.000000, 0.000000, 0.000470, 0.000000, 0.000000, 0.000000, 0.026298, 0.923359, 0.008923, 0.000939, 0.000094, 0.000000}, {0.004253, 0.000473, 0.000000, 0.000473, 0.000095, 0.000000, 0.000000, 0.000000, 0.000000, 0.000000, 0.000000, 0.002836, 0.931380, 0.060491, 0.000000, 0.000000, 0.000000}, {0.006414, 0.016677, 0.000000, 0.111605, 0.772685, 0.005131, 0.000000, 0.040623, 0.046438, 0.000428, 0.000000, 0.000000, 0.000000, 0.000000, 0.000000, 0.000000, 0.000000},
    {0.000000, 0.000000, 0.000000, 0.000000, 0.017576, 0.982424, 0.000000, 0.000000, 0.000000, 0.000000, 0.000000, 0.000000, 0.000000, 0.000000, 0.000000, 0.000000, 0.000000}, {0.000000, 0.000000, 0.000000, 0.000255, 0.387605, 0.612089, 0.000000, 0.000000, 0.000051, 0.000000, 0.000000, 0.000000, 0.000000, 0.000000, 0.000000, 0.000000, 0.000000}, {0.000000, 0.000000, 0.000000, 0.000214, 0.285837, 0.713949, 0.000000, 0.000000, 0.000000, 0.000000, 0.000000, 0.000000, 0.000000, 0.000000, 0.000000, 0.000000, 0.000000}, {0.000000, 0.000000, 0.000000, 0.000000, 0.000441, 0.999359, 0.000200, 0.000000, 0.000000, 0.000000, 0.000000, 0.000000, 0.000000, 0.000000, 0.000000, 0.000000, 0.000000}, {0.000000, 0.000000, 0.000000, 0.000000, 0.000702, 0.999198, 0.000100, 0.000000, 0.000000, 0.000000, 0.000000, 0.000000, 0.000000, 0.000000, 0.000000, 0.000000, 0.000000},
    {0.000000, 0.000000, 0.000000, 0.000000, 0.003550, 0.996450, 0.000000, 0.000000, 0.000000, 0.000000, 0.000000, 0.000000, 0.000000, 0.000000, 0.000000, 0.000000, 0.000000}, {0.037609, 0.002771, 0.002375, 0.002375, 0.000396, 0.000000, 0.000000, 0.000396, 0.000079, 0.000000, 0.000000, 0.211401, 0.739192, 0.000396, 0.002771, 0.000238, 0.000000}, {0.329521, 0.031491, 0.010077, 0.020658, 0.003477, 0.000000, 0.000000, 0.002519, 0.000353, 0.000000, 0.000000, 0.216657, 0.374918, 0.000252, 0.009069, 0.001008, 0.000000}, {0.098781, 0.322390, 0.000123, 0.239581, 0.027841, 0.000000, 0.000000, 0.280986, 0.028627, 0.000000, 0.000000, 0.000491, 0.000344, 0.000000, 0.000491, 0.000344, 0.000000}, {0.105378, 0.104771, 0.000152, 0.651705, 0.126788, 0.000000, 0.000000, 0.006074, 0.000850, 0.000000, 0.000000, 0.001822, 0.001883, 0.000000, 0.000456, 0.000121, 0.000000},
    {0.040221, 0.136717, 0.000000, 0.567305, 0.135355, 0.000000, 0.000000, 0.099416, 0.019299, 0.000000, 0.000000, 0.000649, 0.000519, 0.000000, 0.000324, 0.000195, 0.000000}, {0.000473, 0.001419, 0.000000, 0.014661, 0.931139, 0.049659, 0.000000, 0.001419, 0.001230, 0.000000, 0.000000, 0.000000, 0.000000, 0.000000, 0.000000, 0.000000, 0.000000}, {0.000438, 0.000438, 0.000000, 0.005259, 0.844144, 0.146827, 0.000000, 0.001315, 0.001578, 0.000000, 0.000000, 0.000000, 0.000000, 0.000000, 0.000000, 0.000000, 0.000000}, {0.086474, 0.380218, 0.000122, 0.307668, 0.035933, 0.000000, 0.000000, 0.168063, 0.018052, 0.000000, 0.000000, 0.001221, 0.000855, 0.000000, 0.000855, 0.000537, 0.000000}, {0.041048, 0.294338, 0.000000, 0.314137, 0.027043, 0.000000, 0.000000, 0.297718, 0.024098, 0.000000, 0.000000, 0.000483, 0.000338, 0.000000, 0.000483, 0.000314, 0.000000},
    {0.029235, 0.131934, 0.000000, 0.336394, 0.113193, 0.000187, 0.000000, 0.282796, 0.104835, 0.000187, 0.000000, 0.000375, 0.000262, 0.000000, 0.000375, 0.000225, 0.000000}, {0.779970, 0.113519, 0.001186, 0.029970, 0.004442, 0.000000, 0.000000, 0.028461, 0.004097, 0.000000, 0.000000, 0.014661, 0.005584, 0.000000, 0.012721, 0.005390, 0.000000}, {0.008635, 0.030839, 0.000000, 0.094984, 0.450164, 0.001234, 0.000000, 0.084293, 0.327632, 0.002056, 0.000000, 0.000000, 0.000082, 0.000000, 0.000000, 0.000082, 0.000000}, {0.540043, 0.365289, 0.000526, 0.044399, 0.005997, 0.000000, 0.000000, 0.030616, 0.003872, 0.000000, 0.000000, 0.003262, 0.001894, 0.000000, 0.002841, 0.001263, 0.000000}, {0.085468, 0.000820, 0.279156, 0.000307, 0.000061, 0.000000, 0.000000, 0.000102, 0.000020, 0.000000, 0.000000, 0.602173, 0.005554, 0.000000, 0.025825, 0.000512, 0.000000},
    {0.356658, 0.045783, 0.003391, 0.036740, 0.006217, 0.000000, 0.000000, 0.003674, 0.000509, 0.000000, 0.000000, 0.087893, 0.448734, 0.001130, 0.008196, 0.001074, 0.000000}, {0.627991, 0.073838, 0.003670, 0.059599, 0.010070, 0.000000, 0.000000, 0.007046, 0.000969, 0.000000, 0.000000, 0.097032, 0.103961, 0.000147, 0.013652, 0.002026, 0.000000}, {0.038752, 0.004202, 0.000467, 0.003268, 0.000560, 0.000000, 0.000000, 0.000467, 0.000093, 0.000000, 0.000000, 0.024279, 0.916519, 0.009805, 0.001401, 0.000187, 0.000000}, {0.411947, 0.014987, 0.012467, 0.009284, 0.001539, 0.000000, 0.000000, 0.002520, 0.000371, 0.000000, 0.000000, 0.427465, 0.076474, 0.000000, 0.039789, 0.003157, 0.000000}, {0.637837, 0.017018, 0.011307, 0.008742, 0.001422, 0.000000, 0.000000, 0.003847, 0.000560, 0.000000, 0.000000, 0.223336, 0.033757, 0.000000, 0.056533, 0.005642, 0.000000},
    {0.669435, 0.151844, 0.001027, 0.100278, 0.016154, 0.000000, 0.000000, 0.016770, 0.002190, 0.000000, 0.000000, 0.019622, 0.015310, 0.000000, 0.005818, 0.001552, 0.000000}, {0.040567, 0.099217, 0.000000, 0.644360, 0.128935, 0.000000, 0.000000, 0.072329, 0.013774, 0.000000, 0.000000, 0.000314, 0.000252, 0.000000, 0.000157, 0.000094, 0.000000}, {0.097803, 0.263112, 0.000126, 0.466762, 0.050083, 0.000000, 0.000000, 0.106979, 0.013376, 0.000000, 0.000000, 0.000629, 0.000528, 0.000000, 0.000377, 0.000226, 0.000000}, {0.813553, 0.092449, 0.003977, 0.021500, 0.003311, 0.000000, 0.000000, 0.011610, 0.001655, 0.000000, 0.000000, 0.023220, 0.009739, 0.000000, 0.014942, 0.004042, 0.000000}, {0.006757, 0.020693, 0.000000, 0.140203, 0.789611, 0.002956, 0.000000, 0.023649, 0.016047, 0.000000, 0.000000, 0.000000, 0.000084, 0.000000, 0.000000, 0.000000, 0.000000},
    {0.003667, 0.012836, 0.000000, 0.049968, 0.819840, 0.005959, 0.000000, 0.031173, 0.076098, 0.000458, 0.000000, 0.000000, 0.000000, 0.000000, 0.000000, 0.000000, 0.000000}, {0.028026, 0.064749, 0.000000, 0.624299, 0.221539, 0.000193, 0.000000, 0.049094, 0.011442, 0.000000, 0.000000, 0.000193, 0.000193, 0.000000, 0.000193, 0.000077, 0.000000}, {0.022974, 0.096857, 0.000000, 0.281172, 0.260652, 0.000261, 0.000000, 0.195280, 0.141656, 0.000261, 0.000000, 0.000261, 0.000209, 0.000000, 0.000261, 0.000157, 0.000000}, {0.012593, 0.049630, 0.000000, 0.159630, 0.526222, 0.001111, 0.000000, 0.100370, 0.149481, 0.000741, 0.000000, 0.000000, 0.000148, 0.000000, 0.000000, 0.000074, 0.000000}, {0.002804, 0.009813, 0.000000, 0.041589, 0.888505, 0.009346, 0.000000, 0.018224, 0.029720, 0.000000, 0.000000, 0.000000, 0.000000, 0.000000, 0.000000, 0.000000, 0.000000},
    {0.000000, 0.000000, 0.000000, 0.000000, 0.003160, 0.996840, 0.000000, 0.000000, 0.000000, 0.000000, 0.000000, 0.000000, 0.000000, 0.000000, 0.000000, 0.000000, 0.000000}, {0.161638, 0.012994, 0.004437, 0.009825, 0.001648, 0.000000, 0.000000, 0.001585, 0.000190, 0.000000, 0.000000, 0.257353, 0.539681, 0.000317, 0.009508, 0.000824, 0.000000}, {0.038887, 0.004685, 0.000469, 0.003748, 0.000656, 0.000000, 0.000000, 0.000469, 0.000094, 0.000000, 0.000000, 0.013587, 0.920446, 0.015930, 0.000937, 0.000094, 0.000000}, {0.062370, 0.006779, 0.001356, 0.004972, 0.000814, 0.000000, 0.000000, 0.000452, 0.000090, 0.000000, 0.000000, 0.038868, 0.878695, 0.004068, 0.001356, 0.000181, 0.000000}, {0.058582, 0.006261, 0.001789, 0.004472, 0.000715, 0.000000, 0.000000, 0.000447, 0.000089, 0.000000, 0.000000, 0.055451, 0.867096, 0.003130, 0.001789, 0.000179, 0.000000},
    {0.001281, 0.000000, 0.000000, 0.000000, 0.000000, 0.000000, 0.000000, 0.000000, 0.000000, 0.000000, 0.000000, 0.000854, 0.817630, 0.180234, 0.000000, 0.000000, 0.000000}, {0.001394, 0.000000, 0.000000, 0.000000, 0.000000, 0.000000, 0.000000, 0.000000, 0.000000, 0.000000, 0.000000, 0.001394, 0.911270, 0.085943, 0.000000, 0.000000, 0.000000}, {0.000000, 0.000000, 0.000000, 0.000000, 0.000000, 0.000000, 0.000000, 0.000000, 0.000000, 0.000000, 0.000000, 0.000000, 0.066657, 0.933343, 0.000000, 0.000000, 0.000000}, {0.000000, 0.000000, 0.000000, 0.000000, 0.000000, 0.000000, 0.000000, 0.000000, 0.000000, 0.000000, 0.000000, 0.000000, 0.005019, 0.994981, 0.000000, 0.000000, 0.000000}, {0.000000, 0.000000, 0.000000, 0.000000, 0.000000, 0.000000, 0.000000, 0.000000, 0.000000, 0.000000, 0.000000, 0.000000, 0.012517, 0.987483, 0.000000, 0.000000, 0.000000},
    {0.000410, 0.000000, 0.000000, 0.000000, 0.000000, 0.000000, 0.000000, 0.000000, 0.000000, 0.000000, 0.000000, 0.000410, 0.775581, 0.223599, 0.000000, 0.000000, 0.000000}, {0.000000, 0.000000, 0.000000, 0.000000, 0.000000, 0.000000, 0.000000, 0.000000, 0.000000, 0.000000, 0.000000, 0.000000, 0.169463, 0.830537, 0.000000, 0.000000, 0.000000}, {0.000000, 0.000000, 0.000000, 0.000000, 0.000000, 0.000000, 0.000000, 0.000000, 0.000000, 0.000000, 0.000000, 0.000000, 0.001287, 0.998713, 0.000000, 0.000000, 0.000000}, {0.000000, 0.000000, 0.000000, 0.000000, 0.000000, 0.000000, 0.000000, 0.000000, 0.000000, 0.000000, 0.000000, 0.000000, 0.055295, 0.944705, 0.000000, 0.000000, 0.000000}, {0.004067, 0.000452, 0.000000, 0.000452, 0.000090, 0.000000, 0.000000, 0.000000, 0.000000, 0.000000, 0.000000, 0.001808, 0.879700, 0.113431, 0.000000, 0.000000, 0.000000},
    {0.008604, 0.033186, 0.000000, 0.108981, 0.624304, 0.002049, 0.000000, 0.072108, 0.149787, 0.000819, 0.000000, 0.000000, 0.000082, 0.000000, 0.000000, 0.000082, 0.000000}, {0.013627, 0.023654, 0.000000, 0.556641, 0.388492, 0.000257, 0.000000, 0.012855, 0.004062, 0.000000, 0.000000, 0.000257, 0.000154, 0.000000, 0.000000, 0.000000, 0.000000}, {0.000000, 0.000000, 0.000000, 0.000000, 0.006716, 0.993284, 0.000000, 0.000000, 0.000000, 0.000000, 0.000000, 0.000000, 0.000000, 0.000000, 0.000000, 0.000000, 0.000000}, {0.000000, 0.000000, 0.000000, 0.000000, 0.035128, 0.964872, 0.000000, 0.000000, 0.000000, 0.000000, 0.000000, 0.000000, 0.000000, 0.000000, 0.000000, 0.000000, 0.000000}, {0.000000, 0.000000, 0.000000, 0.000000, 0.091018, 0.908954, 0.000000, 0.000000, 0.000027, 0.000000, 0.000000, 0.000000, 0.000000, 0.000000, 0.000000, 0.000000, 0.000000},
    {0.000000, 0.000000, 0.000000, 0.001451, 0.656724, 0.341099, 0.000000, 0.000363, 0.000363, 0.000000, 0.000000, 0.000000, 0.000000, 0.000000, 0.000000, 0.000000, 0.000000}, {0.001421, 0.003316, 0.000000, 0.022262, 0.922224, 0.030788, 0.000000, 0.008052, 0.011936, 0.000000, 0.000000, 0.000000, 0.000000, 0.000000, 0.000000, 0.000000, 0.000000}, {0.000476, 0.001904, 0.000000, 0.009997, 0.932115, 0.043321, 0.000000, 0.004284, 0.007903, 0.000000, 0.000000, 0.000000, 0.000000, 0.000000, 0.000000, 0.000000, 0.000000}, {0.000000, 0.000440, 0.000000, 0.003518, 0.849239, 0.146011, 0.000000, 0.000440, 0.000352, 0.000000, 0.000000, 0.000000, 0.000000, 0.000000, 0.000000, 0.000000, 0.000000}, {0.000000, 0.000430, 0.000000, 0.002151, 0.824860, 0.171613, 0.000000, 0.000430, 0.000516, 0.000000, 0.000000, 0.000000, 0.000000, 0.000000, 0.000000, 0.000000, 0.000000},
    {0.000000, 0.000000, 0.000000, 0.000000, 0.002098, 0.997902, 0.000000, 0.000000, 0.000000, 0.000000, 0.000000, 0.000000, 0.000000, 0.000000, 0.000000, 0.000000, 0.000000}, {0.000000, 0.000000, 0.000000, 0.000000, 0.001935, 0.998065, 0.000000, 0.000000, 0.000000, 0.000000, 0.000000, 0.000000, 0.000000, 0.000000, 0.000000, 0.000000, 0.000000}, {0.000000, 0.000000, 0.000000, 0.000000, 0.003016, 0.996984, 0.000000, 0.000000, 0.000000, 0.000000, 0.000000, 0.000000, 0.000000, 0.000000, 0.000000, 0.000000, 0.000000}, {0.000000, 0.000000, 0.000000, 0.000000, 0.000180, 0.999420, 0.000400, 0.000000, 0.000000, 0.000000, 0.000000, 0.000000, 0.000000, 0.000000, 0.000000, 0.000000, 0.000000}, {0.000000, 0.000000, 0.000000, 0.000000, 0.000060, 0.998640, 0.001300, 0.000000, 0.000000, 0.000000, 0.000000, 0.000000, 0.000000, 0.000000, 0.000000, 0.000000, 0.000000},
    {0.000000, 0.000000, 0.000000, 0.000000, 0.000020, 0.998580, 0.001400, 0.000000, 0.000000, 0.000000, 0.000000, 0.000000, 0.000000, 0.000000, 0.000000, 0.000000, 0.000000}, {0.008895, 0.015395, 0.000000, 0.360931, 0.601779, 0.000684, 0.000000, 0.008895, 0.003284, 0.000000, 0.000000, 0.000000, 0.000137, 0.000000, 0.000000, 0.000000, 0.000000}, {0.009721, 0.016850, 0.000000, 0.403111, 0.556319, 0.000648, 0.000000, 0.009721, 0.003500, 0.000000, 0.000000, 0.000000, 0.000130, 0.000000, 0.000000, 0.000000, 0.000000}, {0.012592, 0.018544, 0.000000, 0.639423, 0.320330, 0.000229, 0.000000, 0.006639, 0.001832, 0.000000, 0.000000, 0.000229, 0.000183, 0.000000, 0.000000, 0.000000, 0.000000}, {0.005695, 0.010983, 0.000000, 0.205418, 0.763017, 0.002441, 0.000000, 0.008542, 0.003824, 0.000000, 0.000000, 0.000000, 0.000081, 0.000000, 0.000000, 0.000000, 0.000000},
    {0.004997, 0.009994, 0.000000, 0.184059, 0.787374, 0.002499, 0.000000, 0.007496, 0.003498, 0.000000, 0.000000, 0.000000, 0.000083, 0.000000, 0.000000, 0.000000, 0.000000}, {0.003577, 0.007154, 0.000000, 0.107753, 0.863275, 0.006260, 0.000000, 0.007601, 0.004382, 0.000000, 0.000000, 0.000000, 0.000000, 0.000000, 0.000000, 0.000000, 0.000000}, {0.001416, 0.003305, 0.000000, 0.050515, 0.928052, 0.011330, 0.000000, 0.003305, 0.002077, 0.000000, 0.000000, 0.000000, 0.000000, 0.000000, 0.000000, 0.000000, 0.000000}, {0.002323, 0.005112, 0.000000, 0.068773, 0.909108, 0.007435, 0.000000, 0.004647, 0.002602, 0.000000, 0.000000, 0.000000, 0.000000, 0.000000, 0.000000, 0.000000, 0.000000}, {0.008619, 0.018363, 0.000000, 0.272073, 0.681082, 0.001124, 0.000000, 0.013116, 0.005471, 0.000000, 0.000000, 0.000000, 0.000150, 0.000000, 0.000000, 0.000000, 0.000000},
    {0.006060, 0.020776, 0.000000, 0.109505, 0.807220, 0.003463, 0.000000, 0.028134, 0.024758, 0.000000, 0.000000, 0.000000, 0.000087, 0.000000, 0.000000, 0.000000, 0.000000}, {0.000959, 0.002877, 0.000000, 0.016301, 0.943235, 0.026848, 0.000000, 0.004315, 0.005466, 0.000000, 0.000000, 0.000000, 0.000000, 0.000000, 0.000000, 0.000000, 0.000000}, {0.000000, 0.000000, 0.000000, 0.000718, 0.647604, 0.350959, 0.000000, 0.000359, 0.000359, 0.000000, 0.000000, 0.000000, 0.000000, 0.000000, 0.000000, 0.000000, 0.000000}, {0.000000, 0.000000, 0.000000, 0.000000, 0.014831, 0.985169, 0.000000, 0.000000, 0.000000, 0.000000, 0.000000, 0.000000, 0.000000, 0.000000, 0.000000, 0.000000, 0.000000}, {0.000000, 0.000000, 0.000000, 0.000000, 0.087082, 0.912891, 0.000000, 0.000000, 0.000027, 0.000000, 0.000000, 0.000000, 0.000000, 0.000000, 0.000000, 0.000000, 0.000000},
    {0.002339, 0.005614, 0.000000, 0.041168, 0.902414, 0.018245, 0.000000, 0.013099, 0.017122, 0.000000, 0.000000, 0.000000, 0.000000, 0.000000, 0.000000, 0.000000, 0.000000}, {0.005238, 0.013968, 0.000000, 0.103012, 0.810039, 0.006547, 0.000000, 0.030118, 0.031078, 0.000000, 0.000000, 0.000000, 0.000000, 0.000000, 0.000000, 0.000000, 0.000000}, {0.000952, 0.002855, 0.000000, 0.015702, 0.926913, 0.033784, 0.000000, 0.007137, 0.012657, 0.000000, 0.000000, 0.000000, 0.000000, 0.000000, 0.000000, 0.000000, 0.000000}, {0.006066, 0.016899, 0.000000, 0.091429, 0.754918, 0.004766, 0.000000, 0.047231, 0.078256, 0.000433, 0.000000, 0.000000, 0.000000, 0.000000, 0.000000, 0.000000, 0.000000}, {0.005303, 0.017676, 0.000000, 0.068493, 0.710915, 0.003535, 0.000000, 0.049492, 0.143703, 0.000884, 0.000000, 0.000000, 0.000000, 0.000000, 0.000000, 0.000000, 0.000000},
    {0.008880, 0.026235, 0.000000, 0.107362, 0.458589, 0.001614, 0.000000, 0.094446, 0.300291, 0.002422, 0.000000, 0.000000, 0.000081, 0.000000, 0.000000, 0.000081, 0.000000}, {0.013321, 0.036362, 0.000000, 0.167051, 0.423603, 0.001080, 0.000000, 0.130688, 0.226310, 0.001440, 0.000000, 0.000000, 0.000072, 0.000000, 0.000000, 0.000072, 0.000000}, {0.011961, 0.031771, 0.000000, 0.177170, 0.576437, 0.001869, 0.000000, 0.091949, 0.107946, 0.000748, 0.000000, 0.000000, 0.000075, 0.000000, 0.000000, 0.000075, 0.000000}, {0.029648, 0.075697, 0.000000, 0.518314, 0.244922, 0.000210, 0.000000, 0.100088, 0.030447, 0.000000, 0.000000, 0.000210, 0.000168, 0.000000, 0.000210, 0.000084, 0.000000}, {0.024312, 0.065417, 0.000000, 0.366434, 0.292145, 0.000501, 0.000000, 0.165923, 0.084315, 0.000251, 0.000000, 0.000251, 0.000100, 0.000000, 0.000251, 0.000100, 0.000000},
    {0.080883, 0.245574, 0.000127, 0.407595, 0.043824, 0.000000, 0.000000, 0.196994, 0.023527, 0.000000, 0.000000, 0.000509, 0.000356, 0.000000, 0.000382, 0.000229, 0.000000}, {0.025007, 0.000305, 0.426637, 0.000102, 0.000020, 0.000000, 0.000000, 0.000000, 0.000000, 0.000000, 0.000000, 0.532356, 0.003903, 0.000000, 0.011487, 0.000183, 0.000000}, {0.000000, 0.000000, 0.000000, 0.000000, 0.000000, 0.000000, 0.000000, 0.000000, 0.000000, 0.000000, 0.000000, 0.000000, 0.004375, 0.995625, 0.000000, 0.000000, 0.000000}, {0.000903, 0.000000, 0.000000, 0.000000, 0.000000, 0.000000, 0.000000, 0.000000, 0.000000, 0.000000, 0.000000, 0.000903, 0.878963, 0.119230, 0.000000, 0.000000, 0.000000}, {0.000000, 0.000000, 0.000000, 0.000000, 0.000000, 0.000000, 0.000000, 0.000000, 0.000000, 0.000000, 0.000000, 0.000000, 0.086069, 0.913931, 0.000000, 0.000000, 0.000000},
    {0.000000, 0.000000, 0.000000, 0.000000, 0.000000, 0.000000, 0.000000, 0.000000, 0.000000, 0.000000, 0.000000, 0.000000, 0.121847, 0.878153, 0.000000, 0.000000, 0.000000}, {0.000000, 0.000000, 0.000000, 0.000000, 0.000000, 0.000000, 0.000000, 0.000000, 0.000000, 0.000000, 0.000000, 0.000000, 0.398040, 0.601960, 0.000000, 0.000000, 0.000000}, {0.000000, 0.000000, 0.000000, 0.000000, 0.000000, 0.000000, 0.000000, 0.000000, 0.000000, 0.000000, 0.000000, 0.000000, 0.011681, 0.988319, 0.000000, 0.000000, 0.000000}, {0.000000, 0.000000, 0.000000, 0.000000, 0.000000, 0.000000, 0.000000, 0.000000, 0.000000, 0.000000, 0.000000, 0.000000, 0.001448, 0.998552, 0.000000, 0.000000, 0.000000}, {0.000237, 0.000000, 0.000000, 0.000000, 0.000000, 0.000000, 0.000000, 0.000000, 0.000000, 0.000000, 0.000000, 0.000000, 0.341968, 0.657795, 0.000000, 0.000000, 0.000000},
    {0.000000, 0.000000, 0.000000, 0.000000, 0.000000, 0.000000, 0.000000, 0.000000, 0.000000, 0.000000, 0.000000, 0.000000, 0.000561, 0.999439, 0.000000, 0.000000, 0.000000}, {0.000000, 0.000000, 0.000000, 0.000000, 0.000000, 0.000000, 0.000000, 0.000000, 0.000000, 0.000000, 0.000000, 0.000000, 0.000521, 0.999479, 0.000000, 0.000000, 0.000000}, {0.000000, 0.000000, 0.000000, 0.000000, 0.000000, 0.000000, 0.000000, 0.000000, 0.000000, 0.000000, 0.000000, 0.000000, 0.000180, 0.999820, 0.000000, 0.000000, 0.000000}, {0.000000, 0.000000, 0.000000, 0.000000, 0.000020, 0.996480, 0.003500, 0.000000, 0.000000, 0.000000, 0.000000, 0.000000, 0.000000, 0.000000, 0.000000, 0.000000, 0.000000}, {0.014362, 0.001436, 0.000479, 0.000957, 0.000191, 0.000000, 0.000000, 0.000000, 0.000000, 0.000000, 0.000000, 0.029682, 0.946668, 0.005745, 0.000479, 0.000000, 0.000000},
    {0.038110, 0.002747, 0.004807, 0.001717, 0.000275, 0.000000, 0.000000, 0.000343, 0.000000, 0.000000, 0.000000, 0.341963, 0.607842, 0.000343, 0.001717, 0.000137, 0.000000}, {0.000931, 0.000000, 0.000000, 0.000000, 0.000000, 0.000000, 0.000000, 0.000000, 0.000000, 0.000000, 0.000000, 0.001862, 0.913865, 0.083341, 0.000000, 0.000000, 0.000000}, {0.006325, 0.000487, 0.000000, 0.000487, 0.000097, 0.000000, 0.000000, 0.000000, 0.000000, 0.000000, 0.000000, 0.014111, 0.966329, 0.011678, 0.000487, 0.000000, 0.000000}, {0.002378, 0.000000, 0.000000, 0.000000, 0.000000, 0.000000, 0.000000, 0.000000, 0.000000, 0.000000, 0.000000, 0.003329, 0.938659, 0.055635, 0.000000, 0.000000, 0.000000}, {0.059039, 0.007323, 0.000915, 0.005492, 0.000915, 0.000000, 0.000000, 0.000458, 0.000092, 0.000000, 0.000000, 0.025172, 0.893089, 0.005950, 0.001373, 0.000183, 0.000000},
    {0.070970, 0.009041, 0.000904, 0.006781, 0.001175, 0.000000, 0.000000, 0.000904, 0.000090, 0.000000, 0.000000, 0.022150, 0.878763, 0.007233, 0.001808, 0.000181, 0.000000}, {0.032134, 0.003213, 0.001377, 0.002295, 0.000367, 0.000000, 0.000000, 0.000459, 0.000000, 0.000000, 0.000000, 0.059218, 0.897172, 0.002754, 0.000918, 0.000092, 0.000000}, {0.062865, 0.005205, 0.002402, 0.004004, 0.000721, 0.000000, 0.000000, 0.000400, 0.000080, 0.000000, 0.000000, 0.169777, 0.749820, 0.000801, 0.003604, 0.000320, 0.000000}, {0.330093, 0.034602, 0.004119, 0.027187, 0.004614, 0.000000, 0.000000, 0.003295, 0.000439, 0.000000, 0.000000, 0.152414, 0.430109, 0.000549, 0.011259, 0.001318, 0.000000}, {0.026914, 0.001771, 0.003895, 0.001062, 0.000212, 0.000000, 0.000000, 0.000000, 0.000000, 0.000000, 0.000000, 0.329343, 0.634889, 0.000354, 0.001417, 0.000142, 0.000000},
    {0.005729, 0.000136, 0.014460, 0.000136, 0.000027, 0.000000, 0.000000, 0.000000, 0.000000, 0.000000, 0.000000, 0.886670, 0.090877, 0.000000, 0.001910, 0.000055, 0.000000}, {0.033522, 0.000408, 0.434566, 0.000204, 0.000020, 0.000000, 0.000000, 0.000102, 0.000020, 0.000000, 0.000000, 0.404304, 0.003362, 0.000000, 0.122167, 0.001325, 0.000000}, {0.012041, 0.000202, 0.643454, 0.000101, 0.000020, 0.000000, 0.000000, 0.000000, 0.000000, 0.000000, 0.000000, 0.297897, 0.002489, 0.000000, 0.043308, 0.000486, 0.000000}, {0.010712, 0.000214, 0.089020, 0.000107, 0.000021, 0.000000, 0.000000, 0.000000, 0.000000, 0.000000, 0.000000, 0.876915, 0.017654, 0.000000, 0.005249, 0.000107, 0.000000}, {0.010277, 0.000206, 0.284983, 0.000103, 0.000021, 0.000000, 0.000000, 0.000000, 0.000000, 0.000000, 0.000000, 0.685172, 0.006742, 0.000000, 0.012332, 0.000164, 0.000000},
    {0.555110, 0.007796, 0.061498, 0.002815, 0.000455, 0.000000, 0.000000, 0.001299, 0.000195, 0.000000, 0.000000, 0.296340, 0.017150, 0.000000, 0.054461, 0.002880, 0.000000}, {0.015152, 0.000332, 0.058507, 0.000221, 0.000022, 0.000000, 0.000000, 0.000111, 0.000000, 0.000000, 0.000000, 0.887011, 0.026234, 0.000000, 0.012166, 0.000243, 0.000000}, {0.033432, 0.001690, 0.011269, 0.000939, 0.000150, 0.000000, 0.000000, 0.000188, 0.000038, 0.000000, 0.000000, 0.730438, 0.219263, 0.000000, 0.002442, 0.000150, 0.000000}, {0.079956, 0.003530, 0.010590, 0.002471, 0.000424, 0.000000, 0.000000, 0.000530, 0.000071, 0.000000, 0.000000, 0.698779, 0.190095, 0.000000, 0.012885, 0.000671, 0.000000}, {0.505077, 0.038081, 0.006681, 0.027893, 0.004677, 0.000000, 0.000000, 0.004510, 0.000635, 0.000000, 0.000000, 0.227652, 0.159774, 0.000167, 0.022381, 0.002472, 0.000000},
    {0.584686, 0.020447, 0.010035, 0.012042, 0.001982, 0.000000, 0.000000, 0.003763, 0.000552, 0.000000, 0.000000, 0.263303, 0.056901, 0.000000, 0.042149, 0.004140, 0.000000}, {0.347963, 0.042092, 0.005893, 0.030587, 0.005163, 0.000000, 0.000000, 0.003087, 0.000393, 0.000000, 0.000000, 0.111124, 0.444887, 0.000561, 0.007296, 0.000954, 0.000000}, {0.581961, 0.089344, 0.004410, 0.072031, 0.012283, 0.000000, 0.000000, 0.006207, 0.000817, 0.000000, 0.000000, 0.078727, 0.143865, 0.000163, 0.008820, 0.001372, 0.000000}, {0.299804, 0.226292, 0.000392, 0.381949, 0.069431, 0.000000, 0.000000, 0.007456, 0.000994, 0.000000, 0.000000, 0.005886, 0.006331, 0.000000, 0.001177, 0.000288, 0.000000}, {0.799991, 0.053956, 0.008223, 0.019600, 0.003177, 0.000000, 0.000000, 0.005970, 0.000856, 0.000000, 0.000000, 0.061728, 0.024286, 0.000000, 0.018924, 0.003289, 0.000000},
    {0.724905, 0.137735, 0.000994, 0.063842, 0.009941, 0.000000, 0.000000, 0.020103, 0.002695, 0.000000, 0.000000, 0.018556, 0.011090, 0.000000, 0.007732, 0.002408, 0.000000}, {0.013503, 0.020586, 0.000000, 0.654330, 0.301133, 0.000221, 0.000000, 0.007747, 0.002081, 0.000000, 0.000000, 0.000221, 0.000177, 0.000000, 0.000000, 0.000000, 0.000000}, {0.059376, 0.057767, 0.000000, 0.724584, 0.150420, 0.000000, 0.000000, 0.004506, 0.000676, 0.000000, 0.000000, 0.001126, 0.001159, 0.000000, 0.000322, 0.000064, 0.000000}, {0.012451, 0.019368, 0.000000, 0.517680, 0.438825, 0.000277, 0.000000, 0.008301, 0.002601, 0.000000, 0.000000, 0.000277, 0.000221, 0.000000, 0.000000, 0.000000, 0.000000}, {0.087692, 0.081585, 0.000157, 0.679925, 0.138553, 0.000000, 0.000000, 0.006733, 0.000971, 0.000000, 0.000000, 0.001879, 0.001910, 0.000000, 0.000470, 0.000125, 0.000000},
    {0.037344, 0.044745, 0.000000, 0.738461, 0.168315, 0.000000, 0.000000, 0.007906, 0.001379, 0.000000, 0.000000, 0.000841, 0.000774, 0.000000, 0.000168, 0.000067, 0.000000}, {0.067807, 0.090307, 0.000000, 0.695947, 0.132933, 0.000000, 0.000000, 0.009401, 0.001356, 0.000000, 0.000000, 0.000925, 0.000925, 0.000000, 0.000308, 0.000092, 0.000000}, {0.063274, 0.105356, 0.000000, 0.687297, 0.122490, 0.000000, 0.000000, 0.017284, 0.002495, 0.000000, 0.000000, 0.000751, 0.000661, 0.000000, 0.000301, 0.000090, 0.000000}, {0.016260, 0.032520, 0.000000, 0.542429, 0.377490, 0.000254, 0.000000, 0.023120, 0.007470, 0.000000, 0.000000, 0.000254, 0.000152, 0.000000, 0.000000, 0.000051, 0.000000}, {0.548908, 0.281175, 0.000551, 0.092880, 0.013596, 0.000000, 0.000000, 0.038562, 0.004980, 0.000000, 0.000000, 0.008153, 0.005068, 0.000000, 0.004297, 0.001829, 0.000000},
    {0.728764, 0.178346, 0.001709, 0.040475, 0.006066, 0.000000, 0.000000, 0.015699, 0.002093, 0.000000, 0.000000, 0.011641, 0.006707, 0.000000, 0.006408, 0.002093, 0.000000}, {0.266303, 0.208551, 0.000401, 0.422315, 0.075987, 0.000000, 0.000000, 0.010695, 0.001417, 0.000000, 0.000000, 0.006150, 0.006497, 0.000000, 0.001337, 0.000348, 0.000000}, {0.597918, 0.199460, 0.001039, 0.139091, 0.023455, 0.000000, 0.000000, 0.008080, 0.001039, 0.000000, 0.000000, 0.013159, 0.013482, 0.000000, 0.002655, 0.000623, 0.000000}, {0.288802, 0.488895, 0.000220, 0.131194, 0.016157, 0.000000, 0.000000, 0.062845, 0.007286, 0.000000, 0.000000, 0.001651, 0.001145, 0.000000, 0.001211, 0.000594, 0.000000}, {0.036091, 0.167101, 0.000000, 0.445815, 0.101374, 0.000000, 0.000000, 0.202716, 0.045472, 0.000000, 0.000000, 0.000477, 0.000382, 0.000000, 0.000318, 0.000254, 0.000000},
    {0.009149, 0.022492, 0.000000, 0.244739, 0.694038, 0.001525, 0.000000, 0.019061, 0.008844, 0.000000, 0.000000, 0.000000, 0.000152, 0.000000, 0.000000, 0.000000, 0.000000}, {0.007014, 0.018980, 0.000000, 0.171645, 0.770837, 0.002476, 0.000000, 0.018567, 0.010398, 0.000000, 0.000000, 0.000000, 0.000083, 0.000000, 0.000000, 0.000000, 0.000000}, {0.015049, 0.034398, 0.000000, 0.407862, 0.508722, 0.000614, 0.000000, 0.023956, 0.008784, 0.000000, 0.000000, 0.000307, 0.000246, 0.000000, 0.000000, 0.000061, 0.000000}, {0.098525, 0.151677, 0.000144, 0.609876, 0.104344, 0.000000, 0.000000, 0.027080, 0.003687, 0.000000, 0.000000, 0.002017, 0.001844, 0.000000, 0.000576, 0.000230, 0.000000}, {0.097758, 0.266636, 0.000129, 0.479220, 0.061603, 0.000000, 0.000000, 0.080560, 0.009931, 0.000000, 0.000000, 0.001681, 0.001319, 0.000000, 0.000776, 0.000388, 0.000000},
    {0.035968, 0.084379, 0.000000, 0.662757, 0.167939, 0.000000, 0.000000, 0.039718, 0.007500, 0.000000, 0.000000, 0.000682, 0.000580, 0.000000, 0.000341, 0.000136, 0.000000}, {0.030132, 0.103187, 0.000000, 0.476480, 0.262042, 0.000217, 0.000000, 0.097334, 0.029395, 0.000000, 0.000000, 0.000434, 0.000390, 0.000000, 0.000217, 0.000173, 0.000000}, {0.025641, 0.087130, 0.000000, 0.424695, 0.339308, 0.000249, 0.000000, 0.089121, 0.032611, 0.000000, 0.000000, 0.000498, 0.000349, 0.000000, 0.000249, 0.000149, 0.000000}, {0.013542, 0.044547, 0.000000, 0.247327, 0.609765, 0.001069, 0.000000, 0.052388, 0.030791, 0.000000, 0.000000, 0.000356, 0.000143, 0.000000, 0.000000, 0.000071, 0.000000}, {0.020723, 0.056716, 0.000000, 0.443639, 0.414517, 0.000273, 0.000000, 0.046354, 0.016797, 0.000000, 0.000000, 0.000273, 0.000327, 0.000000, 0.000273, 0.000109, 0.000000},
    {0.014161, 0.054521, 0.000000, 0.205339, 0.554840, 0.001062, 0.000000, 0.089216, 0.079941, 0.000354, 0.000000, 0.000354, 0.000142, 0.000000, 0.000000, 0.000071, 0.000000}, {0.141647, 0.219573, 0.000133, 0.533799, 0.077475, 0.000000, 0.000000, 0.020842, 0.002735, 0.000000, 0.000000, 0.001593, 0.001487, 0.000000, 0.000531, 0.000186, 0.000000}, {0.233590, 0.260638, 0.000259, 0.416710, 0.068485, 0.000000, 0.000000, 0.011130, 0.001449, 0.000000, 0.000000, 0.003365, 0.003365, 0.000000, 0.000776, 0.000233, 0.000000}, {0.096710, 0.111239, 0.000151, 0.646851, 0.124224, 0.000000, 0.000000, 0.013924, 0.001967, 0.000000, 0.000000, 0.002119, 0.002028, 0.000000, 0.000605, 0.000182, 0.000000}, {0.045958, 0.070317, 0.000000, 0.709669, 0.152360, 0.000000, 0.000000, 0.016727, 0.002696, 0.000000, 0.000000, 0.000974, 0.000877, 0.000000, 0.000325, 0.000097, 0.000000},
    {0.100220, 0.218846, 0.000134, 0.536703, 0.076845, 0.000000, 0.000000, 0.055484, 0.007201, 0.000000, 0.000000, 0.001881, 0.001558, 0.000000, 0.000806, 0.000322, 0.000000}, {0.070329, 0.139482, 0.000147, 0.631198, 0.110761, 0.000000, 0.000000, 0.039284, 0.005650, 0.000000, 0.000000, 0.001324, 0.001177, 0.000000, 0.000441, 0.000206, 0.000000}, {0.041296, 0.207595, 0.000000, 0.437094, 0.065794, 0.000000, 0.000000, 0.214292, 0.032255, 0.000000, 0.000000, 0.000558, 0.000419, 0.000000, 0.000419, 0.000279, 0.000000}, {0.063213, 0.245639, 0.000131, 0.470033, 0.059856, 0.000000, 0.000000, 0.141508, 0.016970, 0.000000, 0.000000, 0.000918, 0.000734, 0.000000, 0.000656, 0.000341, 0.000000}, {0.050439, 0.165058, 0.000000, 0.570468, 0.099532, 0.000000, 0.000000, 0.097222, 0.015058, 0.000000, 0.000000, 0.000877, 0.000673, 0.000000, 0.000439, 0.000234, 0.000000},
    {0.002311, 0.005545, 0.000000, 0.067006, 0.900092, 0.012477, 0.000000, 0.007394, 0.005176, 0.000000, 0.000000, 0.000000, 0.000000, 0.000000, 0.000000, 0.000000, 0.000000}, {0.000000, 0.000000, 0.000000, 0.000000, 0.010005, 0.989995, 0.000000, 0.000000, 0.000000, 0.000000, 0.000000, 0.000000, 0.000000, 0.000000, 0.000000, 0.000000, 0.000000}, {0.000000, 0.000000, 0.000000, 0.000667, 0.582972, 0.415694, 0.000000, 0.000333, 0.000333, 0.000000, 0.000000, 0.000000, 0.000000, 0.000000, 0.000000, 0.000000, 0.000000}, {0.000000, 0.000000, 0.000000, 0.000000, 0.056349, 0.943651, 0.000000, 0.000000, 0.000000, 0.000000, 0.000000, 0.000000, 0.000000, 0.000000, 0.000000, 0.000000, 0.000000}, {0.000000, 0.000000, 0.000000, 0.000000, 0.063164, 0.936811, 0.000000, 0.000000, 0.000025, 0.000000, 0.000000, 0.000000, 0.000000, 0.000000, 0.000000, 0.000000, 0.000000},
    {0.000000, 0.000000, 0.000000, 0.000000, 0.002444, 0.997556, 0.000000, 0.000000, 0.000000, 0.000000, 0.000000, 0.000000, 0.000000, 0.000000, 0.000000, 0.000000, 0.000000}, {0.000000, 0.000000, 0.000000, 0.000000, 0.040324, 0.959676, 0.000000, 0.000000, 0.000000, 0.000000, 0.000000, 0.000000, 0.000000, 0.000000, 0.000000, 0.000000, 0.000000}, {0.000000, 0.000000, 0.000000, 0.000000, 0.007138, 0.992862, 0.000000, 0.000000, 0.000000, 0.000000, 0.000000, 0.000000, 0.000000, 0.000000, 0.000000, 0.000000, 0.000000}, {0.000000, 0.000000, 0.000000, 0.000000, 0.015506, 0.984494, 0.000000, 0.000000, 0.000000, 0.000000, 0.000000, 0.000000, 0.000000, 0.000000, 0.000000, 0.000000, 0.000000}, {0.000000, 0.000000, 0.000000, 0.000000, 0.001469, 0.998531, 0.000000, 0.000000, 0.000000, 0.000000, 0.000000, 0.000000, 0.000000, 0.000000, 0.000000, 0.000000, 0.000000},
    {0.000000, 0.000000, 0.000000, 0.000000, 0.001489, 0.998511, 0.000000, 0.000000, 0.000000, 0.000000, 0.000000, 0.000000, 0.000000, 0.000000, 0.000000, 0.000000, 0.000000}, {0.000000, 0.000000, 0.000000, 0.000000, 0.049364, 0.950636, 0.000000, 0.000000, 0.000000, 0.000000, 0.000000, 0.000000, 0.000000, 0.000000, 0.000000, 0.000000, 0.000000}, {0.000000, 0.000000, 0.000000, 0.000000, 0.001489, 0.998511, 0.000000, 0.000000, 0.000000, 0.000000, 0.000000, 0.000000, 0.000000, 0.000000, 0.000000, 0.000000, 0.000000}, {0.000000, 0.000000, 0.000000, 0.000000, 0.000040, 0.999560, 0.000400, 0.000000, 0.000000, 0.000000, 0.000000, 0.000000, 0.000000, 0.000000, 0.000000, 0.000000, 0.000000}, {0.000000, 0.000000, 0.000000, 0.000000, 0.000000, 0.983800, 0.016200, 0.000000, 0.000000, 0.000000, 0.000000, 0.000000, 0.000000, 0.000000, 0.000000, 0.000000, 0.000000},
    {0.000000, 0.000000, 0.000000, 0.000000, 0.000722, 0.999178, 0.000100, 0.000000, 0.000000, 0.000000, 0.000000, 0.000000, 0.000000, 0.000000, 0.000000, 0.000000, 0.000000}, {0.000000, 0.000000, 0.000000, 0.000000, 0.002138, 0.997862, 0.000000, 0.000000, 0.000000, 0.000000, 0.000000, 0.000000, 0.000000, 0.000000, 0.000000, 0.000000, 0.000000}, {0.000000, 0.000000, 0.000000, 0.000000, 0.000020, 0.997080, 0.002900, 0.000000, 0.000000, 0.000000, 0.000000, 0.000000, 0.000000, 0.000000, 0.000000, 0.000000, 0.000000}, {0.000000, 0.000000, 0.000000, 0.000000, 0.033472, 0.966528, 0.000000, 0.000000, 0.000000, 0.000000, 0.000000, 0.000000, 0.000000, 0.000000, 0.000000, 0.000000, 0.000000}, {0.000000, 0.000000, 0.000000, 0.000589, 0.485953, 0.513281, 0.000000, 0.000000, 0.000177, 0.000000, 0.000000, 0.000000, 0.000000, 0.000000, 0.000000, 0.000000, 0.000000},
    {0.000471, 0.001413, 0.000000, 0.016009, 0.925134, 0.053207, 0.000000, 0.001883, 0.001883, 0.000000, 0.000000, 0.000000, 0.000000, 0.000000, 0.000000, 0.000000, 0.000000}, {0.000000, 0.000000, 0.000000, 0.001648, 0.779810, 0.218377, 0.000000, 0.000000, 0.000165, 0.000000, 0.000000, 0.000000, 0.000000, 0.000000, 0.000000, 0.000000, 0.000000}, {0.001883, 0.005177, 0.000000, 0.050833, 0.922621, 0.009884, 0.000000, 0.005648, 0.003954, 0.000000, 0.000000, 0.000000, 0.000000, 0.000000, 0.000000, 0.000000, 0.000000}, {0.000000, 0.000422, 0.000000, 0.001690, 0.805525, 0.191349, 0.000000, 0.000422, 0.000591, 0.000000, 0.000000, 0.000000, 0.000000, 0.000000, 0.000000, 0.000000, 0.000000}, {0.000460, 0.000921, 0.000000, 0.004604, 0.898536, 0.091612, 0.000000, 0.001381, 0.002486, 0.000000, 0.000000, 0.000000, 0.000000, 0.000000, 0.000000, 0.000000, 0.000000},
    {0.000467, 0.001400, 0.000000, 0.006068, 0.912061, 0.072349, 0.000000, 0.002801, 0.004854, 0.000000, 0.000000, 0.000000, 0.000000, 0.000000, 0.000000, 0.000000, 0.000000}, {0.000451, 0.000901, 0.000000, 0.004057, 0.873975, 0.115839, 0.000000, 0.001803, 0.002975, 0.000000, 0.000000, 0.000000, 0.000000, 0.000000, 0.000000, 0.000000, 0.000000}, {0.000000, 0.000436, 0.000000, 0.003921, 0.837313, 0.155106, 0.000000, 0.001307, 0.001917, 0.000000, 0.000000, 0.000000, 0.000000, 0.000000, 0.000000, 0.000000, 0.000000}, {0.000442, 0.000442, 0.000000, 0.004424, 0.853844, 0.137574, 0.000000, 0.001327, 0.001946, 0.000000, 0.000000, 0.000000, 0.000000, 0.000000, 0.000000, 0.000000, 0.000000}, {0.000459, 0.000918, 0.000000, 0.010103, 0.895573, 0.088170, 0.000000, 0.002296, 0.002480, 0.000000, 0.000000, 0.000000, 0.000000, 0.000000, 0.000000, 0.000000, 0.000000},
    {0.802202, 0.027628, 0.017227, 0.006067, 0.000953, 0.000000, 0.000000, 0.005959, 0.000932, 0.000000, 0.000000, 0.056232, 0.009231, 0.000000, 0.063816, 0.009751, 0.000000}, {0.624153, 0.113827, 0.002575, 0.104613, 0.017941, 0.000000, 0.000000, 0.007995, 0.001057, 0.000000, 0.000000, 0.050545, 0.068432, 0.000136, 0.007453, 0.001274, 0.000000}, {0.667703, 0.118759, 0.003032, 0.089448, 0.015237, 0.000000, 0.000000, 0.006822, 0.000884, 0.000000, 0.000000, 0.041945, 0.048615, 0.000126, 0.006317, 0.001112, 0.000000}, {0.122938, 0.002606, 0.037278, 0.001473, 0.000249, 0.000000, 0.000000, 0.000567, 0.000091, 0.000000, 0.000000, 0.754510, 0.031386, 0.000000, 0.047362, 0.001541, 0.000000}, {0.014749, 0.000656, 0.009669, 0.000328, 0.000066, 0.000000, 0.000000, 0.000000, 0.000000, 0.000000, 0.000000, 0.813477, 0.159516, 0.000000, 0.001475, 0.000066, 0.000000},
    {0.078544, 0.002894, 0.027102, 0.001447, 0.000263, 0.000000, 0.000000, 0.000263, 0.000053, 0.000000, 0.000000, 0.804257, 0.078255, 0.000000, 0.006578, 0.000342, 0.000000}, {0.703451, 0.063030, 0.008968, 0.033437, 0.005560, 0.000000, 0.000000, 0.005124, 0.000717, 0.000000, 0.000000, 0.101335, 0.061775, 0.000000, 0.014476, 0.002127, 0.000000}, {0.591430, 0.089520, 0.003473, 0.076258, 0.012978, 0.000000, 0.000000, 0.006947, 0.000916, 0.000000, 0.000000, 0.077678, 0.129338, 0.000158, 0.009789, 0.001516, 0.000000}, {0.698604, 0.069434, 0.008017, 0.038273, 0.006413, 0.000000, 0.000000, 0.005431, 0.000750, 0.000000, 0.000000, 0.093613, 0.064158, 0.000129, 0.013189, 0.001991, 0.000000}, {0.723458, 0.091706, 0.004788, 0.052298, 0.008741, 0.000000, 0.000000, 0.006261, 0.000835, 0.000000, 0.000000, 0.055367, 0.045742, 0.000000, 0.009207, 0.001596, 0.000000},
    {0.767076, 0.077618, 0.005603, 0.035366, 0.005813, 0.000000, 0.000000, 0.006420, 0.000887, 0.000000, 0.000000, 0.054274, 0.033008, 0.000000, 0.011789, 0.002148, 0.000000}, {0.587328, 0.168514, 0.001205, 0.163093, 0.028403, 0.000000, 0.000000, 0.007468, 0.000964, 0.000000, 0.000000, 0.018188, 0.021055, 0.000000, 0.003132, 0.000650, 0.000000}, {0.606874, 0.155866, 0.000955, 0.151211, 0.025540, 0.000000, 0.000000, 0.012412, 0.001623, 0.000000, 0.000000, 0.020050, 0.020169, 0.000000, 0.004296, 0.001003, 0.000000}, {0.763345, 0.054871, 0.003311, 0.033230, 0.005440, 0.000000, 0.000000, 0.008278, 0.001183, 0.000000, 0.000000, 0.072491, 0.035642, 0.000000, 0.018803, 0.003406, 0.000000}, {0.292608, 0.014689, 0.011144, 0.010131, 0.001688, 0.000000, 0.000000, 0.002026, 0.000304, 0.000000, 0.000000, 0.470402, 0.168136, 0.000000, 0.026846, 0.002026, 0.000000},
    {0.102406, 0.007629, 0.009096, 0.004695, 0.000763, 0.000000, 0.000000, 0.000587, 0.000059, 0.000000, 0.000000, 0.387324, 0.482394, 0.000293, 0.004401, 0.000352, 0.000000}, {0.572812, 0.303089, 0.000646, 0.079862, 0.011818, 0.000000, 0.000000, 0.016252, 0.002023, 0.000000, 0.000000, 0.005812, 0.004391, 0.000000, 0.002476, 0.000818, 0.000000}, {0.029116, 0.077499, 0.000000, 0.471848, 0.238065, 0.000214, 0.000000, 0.135517, 0.046842, 0.000214, 0.000000, 0.000214, 0.000171, 0.000000, 0.000214, 0.000086, 0.000000}, {0.718695, 0.011855, 0.041868, 0.002777, 0.000427, 0.000000, 0.000000, 0.002884, 0.000449, 0.000000, 0.000000, 0.088969, 0.007348, 0.000000, 0.115884, 0.008844, 0.000000}, {0.792401, 0.041439, 0.011261, 0.014639, 0.002387, 0.000000, 0.000000, 0.005067, 0.000743, 0.000000, 0.000000, 0.079049, 0.024570, 0.000000, 0.024660, 0.003784, 0.000000},
    {0.139256, 0.000915, 0.464459, 0.000305, 0.000041, 0.000000, 0.000000, 0.000203, 0.000020, 0.000000, 0.000000, 0.329271, 0.003214, 0.000000, 0.061338, 0.000977, 0.000000}, {0.831661, 0.053847, 0.007877, 0.010683, 0.001640, 0.000000, 0.000000, 0.010144, 0.001532, 0.000000, 0.000000, 0.031725, 0.008331, 0.000000, 0.034315, 0.008244, 0.000000}, {0.703488, 0.211205, 0.001374, 0.032664, 0.004693, 0.000000, 0.000000, 0.022727, 0.003066, 0.000000, 0.000000, 0.007717, 0.003932, 0.000000, 0.006554, 0.002579, 0.000000}, {0.627785, 0.009770, 0.019430, 0.003513, 0.000549, 0.000000, 0.000000, 0.003403, 0.000527, 0.000000, 0.000000, 0.163011, 0.011394, 0.000000, 0.148631, 0.011987, 0.000000}, {0.044203, 0.126379, 0.000000, 0.285986, 0.051204, 0.000000, 0.000000, 0.421858, 0.069301, 0.000148, 0.000000, 0.000297, 0.000148, 0.000000, 0.000297, 0.000178, 0.000000},
