//
//  MFZAvatarGenMdlFemaleInvBones.cpp
//
//  Copyright MyFiziq (ASX:MYQ) 2017.
//

#include "MFZAvatarGenMdlFemaleInvBones.hpp"

using namespace ahi_avatar_gen;

// Class methods

mdl_female_inv_bones::mdl_female_inv_bones(void) : m_female_BonW_inv(N_VERTS_INV_3, std::vector<double>(N_BONES, 0))
{
    for (unsigned int i = 0; i < N_VERTS_INV_3; ++i) {
        for (unsigned int j = 0; j < N_BONES; ++j) {
            m_female_BonW_inv[i][j] = c_female_bone_weights_inv[i][j];
        }
    }
}

std::vector< std::vector<double> > &mdl_female_inv_bones::getBonWInv(void) const {
    return const_cast<std::vector< std::vector<double> >&>(m_female_BonW_inv);
}

// Model data

const double mdl_female_inv_bones::c_female_bone_weights_inv[N_VERTS_INV_3][N_BONES] = {
 {0.364236, 0.056406, 0.002300, 0.047605, 0.040604, 0.000000, 0.000000, 0.004100, 0.002800, 0.000000, 0.000000, 0.047405, 0.424142, 0.000100, 0.005801, 0.004500, 0.000000},
 {0.369100, 0.051600, 0.003600, 0.038300, 0.032600, 0.000000, 0.000000, 0.003500, 0.002400, 0.000000, 0.000000, 0.057100, 0.431300, 0.000100, 0.006000, 0.004400, 0.000000},
 {0.000100, 0.000000, 0.000000, 0.000000, 0.000000, 0.000000, 0.000000, 0.000000, 0.000000, 0.000000, 0.000000, 0.000100, 0.875888, 0.123912, 0.000000, 0.000000, 0.000000},
 {0.022798, 0.002000, 0.000700, 0.001500, 0.001300, 0.000000, 0.000000, 0.000200, 0.000100, 0.000000, 0.000000, 0.047395, 0.921908, 0.000200, 0.001300, 0.000600, 0.000000},
 {0.008400, 0.000700, 0.000600, 0.000500, 0.000400, 0.000000, 0.000000, 0.000100, 0.000000, 0.000000, 0.000000, 0.030100, 0.958500, 0.000300, 0.000300, 0.000100, 0.000000},
 {0.280900, 0.006400, 0.044100, 0.002800, 0.002300, 0.000000, 0.000000, 0.000800, 0.000600, 0.000000, 0.000000, 0.483000, 0.148800, 0.000000, 0.023800, 0.006500, 0.000000},
 {0.016097, 0.001000, 0.003799, 0.000600, 0.000500, 0.000000, 0.000000, 0.000100, 0.000100, 0.000000, 0.000000, 0.273945, 0.702559, 0.000000, 0.001000, 0.000300, 0.000000},
 {0.056111, 0.001900, 0.012102, 0.001200, 0.001000, 0.000000, 0.000000, 0.000300, 0.000200, 0.000000, 0.000000, 0.580816, 0.330566, 0.000000, 0.013103, 0.002701, 0.000000},
 {0.734873, 0.030303, 0.012901, 0.008601, 0.006901, 0.000000, 0.000000, 0.004900, 0.003600, 0.000000, 0.000000, 0.064606, 0.071507, 0.000000, 0.035204, 0.026603, 0.000000},
 {0.000100, 0.000000, 0.000000, 0.000000, 0.000000, 0.000000, 0.000000, 0.000000, 0.000000, 0.000000, 0.000000, 0.000100, 0.950195, 0.049605, 0.000000, 0.000000, 0.000000},
 {0.000000, 0.000000, 0.000000, 0.000000, 0.000000, 0.000000, 0.000000, 0.000000, 0.000000, 0.000000, 0.000000, 0.000000, 0.795880, 0.204120, 0.000000, 0.000000, 0.000000},
 {0.000100, 0.000000, 0.000000, 0.000000, 0.000000, 0.000000, 0.000000, 0.000000, 0.000000, 0.000000, 0.000000, 0.000000, 0.743800, 0.256100, 0.000000, 0.000000, 0.000000},
 {0.000100, 0.000000, 0.000000, 0.000000, 0.000000, 0.000000, 0.000000, 0.000000, 0.000000, 0.000000, 0.000000, 0.000100, 0.887900, 0.111900, 0.000000, 0.000000, 0.000000},
 {0.026900, 0.037900, 0.000000, 0.458300, 0.464700, 0.000000, 0.000000, 0.005500, 0.004300, 0.000000, 0.000000, 0.000400, 0.001700, 0.000000, 0.000100, 0.000200, 0.000000},
 {0.022300, 0.026500, 0.000000, 0.458300, 0.485200, 0.000000, 0.000000, 0.003000, 0.002400, 0.000000, 0.000000, 0.000300, 0.001800, 0.000000, 0.000100, 0.000100, 0.000000},
 {0.364264, 0.154285, 0.000500, 0.214679, 0.192181, 0.000000, 0.000000, 0.006699, 0.004400, 0.000000, 0.000000, 0.008899, 0.050495, 0.000000, 0.001700, 0.001900, 0.000000},
 {0.442756, 0.176782, 0.000700, 0.162284, 0.140686, 0.000000, 0.000000, 0.006499, 0.004200, 0.000000, 0.000000, 0.009599, 0.052495, 0.000000, 0.001900, 0.002100, 0.000000},
 {0.513300, 0.347200, 0.000500, 0.042200, 0.028500, 0.000000, 0.000000, 0.029100, 0.018400, 0.000000, 0.000000, 0.003100, 0.009000, 0.000000, 0.002700, 0.006000, 0.000000},
 {0.138214, 0.001300, 0.127913, 0.000500, 0.000400, 0.000000, 0.000000, 0.000400, 0.000300, 0.000000, 0.000000, 0.445445, 0.026703, 0.000000, 0.241424, 0.017402, 0.000000},
 {0.521996, 0.255749, 0.000500, 0.065587, 0.046891, 0.000000, 0.000000, 0.041392, 0.027395, 0.000000, 0.000000, 0.006699, 0.018296, 0.000000, 0.004599, 0.010898, 0.000000},
 {0.013000, 0.053900, 0.000000, 0.175800, 0.525300, 0.000100, 0.000000, 0.076400, 0.154000, 0.000100, 0.000000, 0.000200, 0.000700, 0.000000, 0.000100, 0.000400, 0.000000},
 {0.007699, 0.000200, 0.040496, 0.000100, 0.000100, 0.000000, 0.000000, 0.000000, 0.000000, 0.000000, 0.000000, 0.797020, 0.150485, 0.000000, 0.003500, 0.000400, 0.000000},
 {0.009101, 0.000100, 0.511751, 0.000100, 0.000000, 0.000000, 0.000000, 0.000000, 0.000000, 0.000000, 0.000000, 0.444644, 0.018502, 0.000000, 0.014901, 0.000900, 0.000000},
 {0.077608, 0.000700, 0.405341, 0.000200, 0.000200, 0.000000, 0.000000, 0.000100, 0.000100, 0.000000, 0.000000, 0.464046, 0.018502, 0.000000, 0.030603, 0.002600, 0.000000},
 {0.011600, 0.000200, 0.278500, 0.000100, 0.000100, 0.000000, 0.000000, 0.000000, 0.000000, 0.000000, 0.000000, 0.668000, 0.032100, 0.000000, 0.008700, 0.000700, 0.000000},
 {0.663700, 0.010200, 0.043000, 0.002700, 0.002100, 0.000000, 0.000000, 0.002200, 0.001700, 0.000000, 0.000000, 0.109900, 0.043200, 0.000000, 0.090100, 0.031200, 0.000000},
 {0.768600, 0.050100, 0.007300, 0.011100, 0.008700, 0.000000, 0.000000, 0.008500, 0.006300, 0.000000, 0.000000, 0.033100, 0.046800, 0.000000, 0.028000, 0.031500, 0.000000},
 {0.080684, 0.010498, 0.000900, 0.008298, 0.007099, 0.000000, 0.000000, 0.000800, 0.000600, 0.000000, 0.000000, 0.019696, 0.868126, 0.000400, 0.001700, 0.001200, 0.000000},
 {0.039900, 0.003600, 0.000900, 0.002800, 0.002400, 0.000000, 0.000000, 0.000400, 0.000300, 0.000000, 0.000000, 0.047900, 0.898800, 0.000200, 0.001900, 0.000900, 0.000000},
 {0.012799, 0.001000, 0.001100, 0.000700, 0.000600, 0.000000, 0.000000, 0.000100, 0.000100, 0.000000, 0.000000, 0.058394, 0.924308, 0.000200, 0.000500, 0.000200, 0.000000},
 {0.034103, 0.002300, 0.001800, 0.001700, 0.001400, 0.000000, 0.000000, 0.000300, 0.000200, 0.000000, 0.000000, 0.129013, 0.825283, 0.000100, 0.002800, 0.001000, 0.000000},
 {0.063500, 0.004600, 0.002200, 0.003400, 0.002900, 0.000000, 0.000000, 0.000500, 0.000400, 0.000000, 0.000000, 0.123900, 0.792300, 0.000100, 0.004400, 0.001800, 0.000000},
 {0.135414, 0.018002, 0.001300, 0.014301, 0.012201, 0.000000, 0.000000, 0.001400, 0.000900, 0.000000, 0.000000, 0.029903, 0.781578, 0.000300, 0.002800, 0.001900, 0.000000},
 {0.126700, 0.014200, 0.002600, 0.010000, 0.008500, 0.000000, 0.000000, 0.001100, 0.000700, 0.000000, 0.000000, 0.051500, 0.779800, 0.000200, 0.002900, 0.001800, 0.000000},
 {0.130487, 0.010699, 0.005599, 0.006699, 0.005699, 0.000000, 0.000000, 0.000900, 0.000600, 0.000000, 0.000000, 0.126187, 0.706529, 0.000100, 0.004300, 0.002200, 0.000000},
 {0.109589, 0.005599, 0.012899, 0.003100, 0.002600, 0.000000, 0.000000, 0.000500, 0.000400, 0.000000, 0.000000, 0.341066, 0.516048, 0.000000, 0.005999, 0.002200, 0.000000},
 {0.033403, 0.000700, 0.062006, 0.000300, 0.000300, 0.000000, 0.000000, 0.000100, 0.000100, 0.000000, 0.000000, 0.797480, 0.099010, 0.000000, 0.005701, 0.000900, 0.000000},
 {0.020000, 0.000300, 0.228200, 0.000100, 0.000100, 0.000000, 0.000000, 0.000000, 0.000000, 0.000000, 0.000000, 0.709000, 0.033600, 0.000000, 0.008000, 0.000700, 0.000000},
 {0.009200, 0.000200, 0.091500, 0.000100, 0.000100, 0.000000, 0.000000, 0.000000, 0.000000, 0.000000, 0.000000, 0.807700, 0.082800, 0.000000, 0.007800, 0.000600, 0.000000},
 {0.064106, 0.000800, 0.186219, 0.000300, 0.000300, 0.000000, 0.000000, 0.000200, 0.000200, 0.000000, 0.000000, 0.587559, 0.031903, 0.000000, 0.120312, 0.008101, 0.000000},
 {0.083100, 0.000800, 0.209900, 0.000300, 0.000300, 0.000000, 0.000000, 0.000300, 0.000200, 0.000000, 0.000000, 0.427200, 0.020200, 0.000000, 0.244000, 0.013700, 0.000000},
 {0.380600, 0.004000, 0.039700, 0.001700, 0.001400, 0.000000, 0.000000, 0.001200, 0.001000, 0.000000, 0.000000, 0.336000, 0.055400, 0.000000, 0.151200, 0.027800, 0.000000},
 {0.019698, 0.043596, 0.000000, 0.398960, 0.487151, 0.000000, 0.000000, 0.024498, 0.024798, 0.000000, 0.000000, 0.000200, 0.000800, 0.000000, 0.000100, 0.000200, 0.000000},
 {0.001800, 0.005500, 0.000000, 0.021900, 0.647700, 0.000400, 0.000000, 0.018200, 0.303900, 0.000500, 0.000000, 0.000000, 0.000100, 0.000000, 0.000000, 0.000000, 0.000000},
 {0.343900, 0.167400, 0.000500, 0.222200, 0.192800, 0.000000, 0.000000, 0.010100, 0.006500, 0.000000, 0.000000, 0.008400, 0.044100, 0.000000, 0.001800, 0.002300, 0.000000},
 {0.011600, 0.013200, 0.000000, 0.429000, 0.540100, 0.000000, 0.000000, 0.002300, 0.002300, 0.000000, 0.000000, 0.000200, 0.001100, 0.000000, 0.000100, 0.000100, 0.000000},
 {0.023302, 0.065607, 0.000000, 0.267327, 0.275628, 0.000100, 0.000000, 0.169817, 0.197020, 0.000100, 0.000000, 0.000100, 0.000500, 0.000000, 0.000100, 0.000400, 0.000000},
 {0.214800, 0.199500, 0.000300, 0.295600, 0.255200, 0.000000, 0.000000, 0.006900, 0.004500, 0.000000, 0.000000, 0.003400, 0.018000, 0.000000, 0.000800, 0.001000, 0.000000},
 {0.175318, 0.144514, 0.000200, 0.338634, 0.310031, 0.000000, 0.000000, 0.005301, 0.003500, 0.000000, 0.000000, 0.003300, 0.017702, 0.000000, 0.000700, 0.000800, 0.000000},
 {0.104110, 0.087809, 0.000100, 0.399440, 0.384038, 0.000000, 0.000000, 0.005401, 0.003700, 0.000000, 0.000000, 0.002300, 0.011901, 0.000000, 0.000500, 0.000700, 0.000000},
 {0.001800, 0.005800, 0.000000, 0.021400, 0.574200, 0.000400, 0.000000, 0.019000, 0.376600, 0.000600, 0.000000, 0.000000, 0.000100, 0.000000, 0.000000, 0.000100, 0.000000},
 {0.002000, 0.007499, 0.000000, 0.023198, 0.618738, 0.000400, 0.000000, 0.019398, 0.328167, 0.000400, 0.000000, 0.000000, 0.000100, 0.000000, 0.000000, 0.000100, 0.000000},
 {0.026503, 0.073907, 0.000000, 0.330633, 0.315832, 0.000100, 0.000000, 0.123012, 0.128613, 0.000100, 0.000000, 0.000200, 0.000600, 0.000000, 0.000100, 0.000400, 0.000000},
 {0.532253, 0.281628, 0.000600, 0.074207, 0.054905, 0.000000, 0.000000, 0.015102, 0.009401, 0.000000, 0.000000, 0.005401, 0.020402, 0.000000, 0.002300, 0.003800, 0.000000},
 {0.591200, 0.052000, 0.006700, 0.026100, 0.021600, 0.000000, 0.000000, 0.004300, 0.003000, 0.000000, 0.000000, 0.070300, 0.204200, 0.000000, 0.011600, 0.009000, 0.000000},
 {0.592000, 0.030700, 0.012100, 0.013700, 0.011300, 0.000000, 0.000000, 0.003200, 0.002300, 0.000000, 0.000000, 0.114300, 0.190500, 0.000000, 0.018400, 0.011500, 0.000000},
 {0.492349, 0.008801, 0.044104, 0.003400, 0.002800, 0.000000, 0.000000, 0.001300, 0.001000, 0.000000, 0.000000, 0.287929, 0.107211, 0.000000, 0.039204, 0.011901, 0.000000},
 {0.001400, 0.000100, 0.000100, 0.000100, 0.000100, 0.000000, 0.000000, 0.000000, 0.000000, 0.000000, 0.000000, 0.003100, 0.992999, 0.002100, 0.000000, 0.000000, 0.000000},
 {0.003100, 0.000300, 0.000100, 0.000300, 0.000200, 0.000000, 0.000000, 0.000000, 0.000000, 0.000000, 0.000000, 0.002700, 0.989001, 0.004100, 0.000100, 0.000100, 0.000000},
 {0.004000, 0.000400, 0.000100, 0.000400, 0.000300, 0.000000, 0.000000, 0.000000, 0.000000, 0.000000, 0.000000, 0.002400, 0.987300, 0.004900, 0.000100, 0.000100, 0.000000},
 {0.002500, 0.000300, 0.000000, 0.000200, 0.000200, 0.000000, 0.000000, 0.000000, 0.000000, 0.000000, 0.000000, 0.001000, 0.986899, 0.008801, 0.000100, 0.000000, 0.000000},
 {0.002500, 0.000300, 0.000100, 0.000200, 0.000200, 0.000000, 0.000000, 0.000000, 0.000000, 0.000000, 0.000000, 0.001900, 0.990600, 0.004100, 0.000100, 0.000000, 0.000000},
 {0.115488, 0.000800, 0.434257, 0.000300, 0.000200, 0.000000, 0.000000, 0.000200, 0.000100, 0.000000, 0.000000, 0.379262, 0.016798, 0.000000, 0.048595, 0.004000, 0.000000},
 {0.742274, 0.043704, 0.002900, 0.016602, 0.013001, 0.000000, 0.000000, 0.011001, 0.008201, 0.000000, 0.000000, 0.042104, 0.060406, 0.000000, 0.026703, 0.033103, 0.000000},
 {0.520096, 0.084783, 0.001600, 0.075385, 0.063987, 0.000000, 0.000000, 0.007199, 0.004799, 0.000000, 0.000000, 0.035593, 0.194561, 0.000100, 0.006199, 0.005699, 0.000000},
 {0.463054, 0.089291, 0.001900, 0.082892, 0.071193, 0.000000, 0.000000, 0.005899, 0.003900, 0.000000, 0.000000, 0.034797, 0.237476, 0.000100, 0.005099, 0.004400, 0.000000},
 {0.490100, 0.087000, 0.002500, 0.069000, 0.059000, 0.000000, 0.000000, 0.005200, 0.003400, 0.000000, 0.000000, 0.037400, 0.236600, 0.000100, 0.005200, 0.004500, 0.000000},
 {0.721244, 0.124525, 0.002300, 0.030606, 0.023405, 0.000000, 0.000000, 0.012102, 0.008302, 0.000000, 0.000000, 0.015603, 0.041408, 0.000000, 0.008302, 0.012202, 0.000000},
 {0.737726, 0.122888, 0.002400, 0.022398, 0.016698, 0.000000, 0.000000, 0.015698, 0.011099, 0.000000, 0.000000, 0.012999, 0.028797, 0.000000, 0.010899, 0.018398, 0.000000},
 {0.694569, 0.169917, 0.001600, 0.027903, 0.020302, 0.000000, 0.000000, 0.019502, 0.013301, 0.000000, 0.000000, 0.009001, 0.022002, 0.000000, 0.007601, 0.014301, 0.000000},
 {0.682468, 0.167017, 0.001600, 0.037904, 0.028403, 0.000000, 0.000000, 0.014701, 0.009801, 0.000000, 0.000000, 0.010901, 0.031403, 0.000000, 0.006001, 0.009801, 0.000000},
 {0.526000, 0.313500, 0.000600, 0.059000, 0.041600, 0.000000, 0.000000, 0.021000, 0.013100, 0.000000, 0.000000, 0.004200, 0.013900, 0.000000, 0.002400, 0.004700, 0.000000},
 {0.268127, 0.427843, 0.000200, 0.135214, 0.085109, 0.000000, 0.000000, 0.045605, 0.026703, 0.000000, 0.000000, 0.001700, 0.006101, 0.000000, 0.001000, 0.002400, 0.000000},
 {0.259200, 0.452900, 0.000200, 0.101800, 0.062000, 0.000000, 0.000000, 0.072300, 0.041600, 0.000000, 0.000000, 0.001300, 0.004400, 0.000000, 0.001200, 0.003100, 0.000000},
 {0.273100, 0.393200, 0.000200, 0.163600, 0.108900, 0.000000, 0.000000, 0.029800, 0.017800, 0.000000, 0.000000, 0.002100, 0.008400, 0.000000, 0.001000, 0.001900, 0.000000},
 {0.267700, 0.414800, 0.000300, 0.112900, 0.076500, 0.000000, 0.000000, 0.064000, 0.039600, 0.000000, 0.000000, 0.003700, 0.011500, 0.000000, 0.002500, 0.006500, 0.000000},
 {0.413341, 0.053205, 0.002300, 0.044104, 0.037304, 0.000000, 0.000000, 0.004800, 0.003200, 0.000000, 0.000000, 0.060006, 0.367237, 0.000100, 0.008201, 0.006201, 0.000000},
 {0.223500, 0.003900, 0.031800, 0.002000, 0.001600, 0.000000, 0.000000, 0.000900, 0.000700, 0.000000, 0.000000, 0.541000, 0.108100, 0.000000, 0.072400, 0.014100, 0.000000},
 {0.095690, 0.001200, 0.114289, 0.000500, 0.000400, 0.000000, 0.000000, 0.000300, 0.000300, 0.000000, 0.000000, 0.618038, 0.042196, 0.000000, 0.117188, 0.009899, 0.000000},
 {0.041596, 0.000800, 0.055994, 0.000500, 0.000400, 0.000000, 0.000000, 0.000200, 0.000100, 0.000000, 0.000000, 0.765823, 0.102190, 0.000000, 0.029197, 0.003200, 0.000000},
 {0.008301, 0.000300, 0.010601, 0.000200, 0.000100, 0.000000, 0.000000, 0.000000, 0.000000, 0.000000, 0.000000, 0.620962, 0.358036, 0.000000, 0.001300, 0.000200, 0.000000},
 {0.065600, 0.001900, 0.034200, 0.000900, 0.000800, 0.000000, 0.000000, 0.000200, 0.000200, 0.000000, 0.000000, 0.699500, 0.188300, 0.000000, 0.006900, 0.001500, 0.000000},
 {0.210021, 0.028803, 0.001800, 0.023202, 0.019702, 0.000000, 0.000000, 0.002200, 0.001500, 0.000000, 0.000000, 0.040904, 0.664666, 0.000200, 0.004100, 0.002900, 0.000000},
 {0.201860, 0.023995, 0.003399, 0.017097, 0.014497, 0.000000, 0.000000, 0.001800, 0.001200, 0.000000, 0.000000, 0.060288, 0.668566, 0.000200, 0.004299, 0.002799, 0.000000},
 {0.212921, 0.015702, 0.008801, 0.009301, 0.007801, 0.000000, 0.000000, 0.001300, 0.000900, 0.000000, 0.000000, 0.168417, 0.563756, 0.000100, 0.007301, 0.003700, 0.000000},
 {0.401540, 0.020602, 0.015502, 0.010401, 0.008601, 0.000000, 0.000000, 0.002000, 0.001400, 0.000000, 0.000000, 0.203920, 0.312631, 0.000000, 0.015702, 0.007701, 0.000000},
 {0.176318, 0.008901, 0.015102, 0.004800, 0.004000, 0.000000, 0.000000, 0.000800, 0.000600, 0.000000, 0.000000, 0.321932, 0.455146, 0.000000, 0.008901, 0.003500, 0.000000},
 {0.130800, 0.001300, 0.205800, 0.000500, 0.000400, 0.000000, 0.000000, 0.000200, 0.000200, 0.000000, 0.000000, 0.590000, 0.035300, 0.000000, 0.031800, 0.003700, 0.000000},
 {0.115488, 0.003200, 0.038196, 0.001500, 0.001300, 0.000000, 0.000000, 0.000400, 0.000300, 0.000000, 0.000000, 0.643236, 0.182682, 0.000000, 0.010999, 0.002700, 0.000000},
 {0.055500, 0.000800, 0.140900, 0.000300, 0.000300, 0.000000, 0.000000, 0.000100, 0.000100, 0.000000, 0.000000, 0.738400, 0.049800, 0.000000, 0.012300, 0.001500, 0.000000},
 {0.033803, 0.000400, 0.282728, 0.000200, 0.000100, 0.000000, 0.000000, 0.000100, 0.000000, 0.000000, 0.000000, 0.642864, 0.026903, 0.000000, 0.011801, 0.001100, 0.000000},
 {0.034500, 0.001100, 0.026800, 0.000500, 0.000500, 0.000000, 0.000000, 0.000100, 0.000100, 0.000000, 0.000000, 0.719000, 0.212700, 0.000000, 0.003900, 0.000800, 0.000000},
 {0.065220, 0.003401, 0.009903, 0.001901, 0.001600, 0.000000, 0.000000, 0.000300, 0.000200, 0.000000, 0.000000, 0.332400, 0.580074, 0.000000, 0.003701, 0.001300, 0.000000},
 {0.066407, 0.005401, 0.003700, 0.003400, 0.002900, 0.000000, 0.000000, 0.000400, 0.000300, 0.000000, 0.000000, 0.106911, 0.807081, 0.000100, 0.002300, 0.001100, 0.000000},
 {0.041496, 0.003900, 0.001700, 0.002600, 0.002200, 0.000000, 0.000000, 0.000300, 0.000200, 0.000000, 0.000000, 0.050895, 0.894511, 0.000200, 0.001300, 0.000700, 0.000000},
 {0.002400, 0.000300, 0.000100, 0.000200, 0.000200, 0.000000, 0.000000, 0.000000, 0.000000, 0.000000, 0.000000, 0.002600, 0.991201, 0.002900, 0.000100, 0.000000, 0.000000},
 {0.000100, 0.000000, 0.000000, 0.000000, 0.000000, 0.000000, 0.000000, 0.000000, 0.000000, 0.000000, 0.000000, 0.000100, 0.917508, 0.082292, 0.000000, 0.000000, 0.000000},
 {0.010801, 0.000300, 0.036304, 0.000200, 0.000100, 0.000000, 0.000000, 0.000000, 0.000000, 0.000000, 0.000000, 0.787279, 0.156816, 0.000000, 0.007401, 0.000800, 0.000000},
 {0.010201, 0.000300, 0.023002, 0.000200, 0.000100, 0.000000, 0.000000, 0.000000, 0.000000, 0.000000, 0.000000, 0.749175, 0.210621, 0.000000, 0.005701, 0.000700, 0.000000},
 {0.004900, 0.000200, 0.002500, 0.000200, 0.000100, 0.000000, 0.000000, 0.000000, 0.000000, 0.000000, 0.000000, 0.425643, 0.565157, 0.000000, 0.001100, 0.000200, 0.000000},
 {0.007201, 0.000500, 0.000600, 0.000400, 0.000300, 0.000000, 0.000000, 0.000100, 0.000000, 0.000000, 0.000000, 0.062606, 0.927493, 0.000100, 0.000500, 0.000200, 0.000000},
 {0.003700, 0.000300, 0.000300, 0.000200, 0.000200, 0.000000, 0.000000, 0.000000, 0.000000, 0.000000, 0.000000, 0.023300, 0.971400, 0.000300, 0.000200, 0.000100, 0.000000},
 {0.001200, 0.000100, 0.000000, 0.000100, 0.000100, 0.000000, 0.000000, 0.000000, 0.000000, 0.000000, 0.000000, 0.003000, 0.993200, 0.002300, 0.000000, 0.000000, 0.000000},
 {0.000100, 0.000000, 0.000000, 0.000000, 0.000000, 0.000000, 0.000000, 0.000000, 0.000000, 0.000000, 0.000000, 0.000100, 0.947800, 0.052000, 0.000000, 0.000000, 0.000000},
 {0.020498, 0.000500, 0.050295, 0.000200, 0.000200, 0.000000, 0.000000, 0.000100, 0.000000, 0.000000, 0.000000, 0.807819, 0.115788, 0.000000, 0.004000, 0.000600, 0.000000},
 {0.032200, 0.000600, 0.083000, 0.000300, 0.000300, 0.000000, 0.000000, 0.000100, 0.000100, 0.000000, 0.000000, 0.773000, 0.076900, 0.000000, 0.030700, 0.002800, 0.000000},
 {0.245000, 0.026500, 0.002300, 0.021100, 0.017800, 0.000000, 0.000000, 0.002500, 0.001700, 0.000000, 0.000000, 0.074300, 0.596700, 0.000200, 0.007300, 0.004600, 0.000000},
 {0.155300, 0.016100, 0.001800, 0.012700, 0.010700, 0.000000, 0.000000, 0.001600, 0.001100, 0.000000, 0.000000, 0.065500, 0.726600, 0.000200, 0.005300, 0.003100, 0.000000},
 {0.097110, 0.011301, 0.001000, 0.009001, 0.007701, 0.000000, 0.000000, 0.001000, 0.000700, 0.000000, 0.000000, 0.033403, 0.833983, 0.000400, 0.002700, 0.001700, 0.000000},
 {0.003500, 0.000400, 0.000000, 0.000300, 0.000300, 0.000000, 0.000000, 0.000000, 0.000000, 0.000000, 0.000000, 0.001300, 0.986200, 0.007800, 0.000100, 0.000100, 0.000000},
 {0.000100, 0.000000, 0.000000, 0.000000, 0.000000, 0.000000, 0.000000, 0.000000, 0.000000, 0.000000, 0.000000, 0.000100, 0.833383, 0.166417, 0.000000, 0.000000, 0.000000},
 {0.653431, 0.018204, 0.008002, 0.007702, 0.006201, 0.000000, 0.000000, 0.004901, 0.003801, 0.000000, 0.000000, 0.113823, 0.087317, 0.000000, 0.058012, 0.038608, 0.000000},
 {0.367400, 0.189500, 0.000500, 0.198900, 0.165800, 0.000000, 0.000000, 0.014100, 0.009000, 0.000000, 0.000000, 0.008500, 0.041300, 0.000000, 0.002100, 0.002900, 0.000000},
 {0.046400, 0.000700, 0.130900, 0.000300, 0.000300, 0.000000, 0.000000, 0.000200, 0.000100, 0.000000, 0.000000, 0.706500, 0.049400, 0.000000, 0.060400, 0.004800, 0.000000},
 {0.065113, 0.001000, 0.084217, 0.000500, 0.000400, 0.000000, 0.000000, 0.000300, 0.000200, 0.000000, 0.000000, 0.717644, 0.066313, 0.000000, 0.058612, 0.005701, 0.000000},
 {0.127100, 0.003400, 0.020700, 0.002000, 0.001700, 0.000000, 0.000000, 0.000700, 0.000500, 0.000000, 0.000000, 0.597000, 0.207700, 0.000000, 0.032400, 0.006800, 0.000000},
 {0.342068, 0.040608, 0.002400, 0.033007, 0.027906, 0.000000, 0.000000, 0.003701, 0.002501, 0.000000, 0.000000, 0.068714, 0.465093, 0.000100, 0.008202, 0.005701, 0.000000},
 {0.296500, 0.042900, 0.002200, 0.035200, 0.030000, 0.000000, 0.000000, 0.003200, 0.002200, 0.000000, 0.000000, 0.047600, 0.530800, 0.000200, 0.005300, 0.003900, 0.000000},
 {0.296859, 0.038408, 0.003701, 0.027906, 0.023705, 0.000000, 0.000000, 0.002701, 0.001800, 0.000000, 0.000000, 0.061412, 0.534107, 0.000100, 0.005501, 0.003801, 0.000000},
 {0.317468, 0.024798, 0.009299, 0.014599, 0.012199, 0.000000, 0.000000, 0.002100, 0.001400, 0.000000, 0.000000, 0.145685, 0.457454, 0.000100, 0.009599, 0.005299, 0.000000},
 {0.278256, 0.014003, 0.016003, 0.007301, 0.006101, 0.000000, 0.000000, 0.001400, 0.001000, 0.000000, 0.000000, 0.265953, 0.392078, 0.000000, 0.012503, 0.005401, 0.000000},
 {0.189181, 0.004800, 0.041796, 0.002200, 0.001800, 0.000000, 0.000000, 0.000600, 0.000400, 0.000000, 0.000000, 0.569343, 0.168583, 0.000000, 0.016898, 0.004400, 0.000000},
 {0.087800, 0.001100, 0.174300, 0.000400, 0.000300, 0.000000, 0.000000, 0.000200, 0.000100, 0.000000, 0.000000, 0.671500, 0.041600, 0.000000, 0.020200, 0.002500, 0.000000},
 {0.051900, 0.000500, 0.352000, 0.000200, 0.000200, 0.000000, 0.000000, 0.000100, 0.000100, 0.000000, 0.000000, 0.552600, 0.021800, 0.000000, 0.018900, 0.001700, 0.000000},
 {0.445500, 0.046700, 0.002700, 0.036400, 0.030600, 0.000000, 0.000000, 0.004900, 0.003300, 0.000000, 0.000000, 0.074000, 0.337200, 0.000100, 0.010700, 0.007900, 0.000000},
 {0.000200, 0.000000, 0.000000, 0.000000, 0.000000, 0.000000, 0.000000, 0.000000, 0.000000, 0.000000, 0.000000, 0.000100, 0.862900, 0.136800, 0.000000, 0.000000, 0.000000},
 {0.004400, 0.000500, 0.000100, 0.000400, 0.000300, 0.000000, 0.000000, 0.000000, 0.000000, 0.000000, 0.000000, 0.002000, 0.986199, 0.005901, 0.000100, 0.000100, 0.000000},
 {0.063706, 0.006301, 0.001000, 0.005001, 0.004200, 0.000000, 0.000000, 0.000600, 0.000400, 0.000000, 0.000000, 0.043804, 0.870887, 0.000300, 0.002500, 0.001300, 0.000000},
 {0.099100, 0.008100, 0.002100, 0.006100, 0.005100, 0.000000, 0.000000, 0.000900, 0.000600, 0.000000, 0.000000, 0.099700, 0.770400, 0.000100, 0.005300, 0.002500, 0.000000},
 {0.160184, 0.010299, 0.004300, 0.007399, 0.006199, 0.000000, 0.000000, 0.001300, 0.000900, 0.000000, 0.000000, 0.185781, 0.607839, 0.000100, 0.010999, 0.004700, 0.000000},
 {0.249600, 0.011400, 0.007600, 0.007500, 0.006200, 0.000000, 0.000000, 0.001700, 0.001200, 0.000000, 0.000000, 0.287600, 0.396600, 0.000000, 0.021800, 0.008800, 0.000000},
 {0.393639, 0.011201, 0.011501, 0.006301, 0.005201, 0.000000, 0.000000, 0.002200, 0.001600, 0.000000, 0.000000, 0.308431, 0.200720, 0.000000, 0.042504, 0.016702, 0.000000},
 {0.568700, 0.010800, 0.014100, 0.004700, 0.003800, 0.000000, 0.000000, 0.003000, 0.002300, 0.000000, 0.000000, 0.186500, 0.086800, 0.000000, 0.083200, 0.036100, 0.000000},
 {0.063494, 0.198180, 0.000100, 0.270973, 0.150985, 0.000000, 0.000000, 0.200880, 0.112389, 0.000000, 0.000000, 0.000400, 0.001300, 0.000000, 0.000300, 0.001000, 0.000000},
 {0.063106, 0.182618, 0.000100, 0.357736, 0.194819, 0.000000, 0.000000, 0.121912, 0.076708, 0.000000, 0.000000, 0.000400, 0.001500, 0.000000, 0.000300, 0.000800, 0.000000},
 {0.166383, 0.346365, 0.000200, 0.253775, 0.155084, 0.000000, 0.000000, 0.043596, 0.026097, 0.000000, 0.000000, 0.001300, 0.005199, 0.000000, 0.000600, 0.001400, 0.000000},
 {0.124900, 0.136200, 0.000100, 0.384000, 0.330700, 0.000000, 0.000000, 0.006900, 0.004600, 0.000000, 0.000000, 0.001900, 0.009600, 0.000000, 0.000500, 0.000600, 0.000000},
 {0.097200, 0.091200, 0.000100, 0.405500, 0.386800, 0.000000, 0.000000, 0.004500, 0.003100, 0.000000, 0.000000, 0.001700, 0.009000, 0.000000, 0.000400, 0.000500, 0.000000},
 {0.055989, 0.052090, 0.000100, 0.434113, 0.442312, 0.000000, 0.000000, 0.004299, 0.003099, 0.000000, 0.000000, 0.001200, 0.006099, 0.000000, 0.000300, 0.000400, 0.000000},
 {0.042300, 0.216300, 0.000000, 0.305900, 0.173100, 0.000000, 0.000000, 0.169400, 0.088500, 0.000000, 0.000000, 0.000600, 0.002100, 0.000000, 0.000400, 0.001400, 0.000000},
 {0.098400, 0.120500, 0.000100, 0.401300, 0.342100, 0.000000, 0.000000, 0.014300, 0.009600, 0.000000, 0.000000, 0.002100, 0.010000, 0.000000, 0.000600, 0.001000, 0.000000},
 {0.407000, 0.220400, 0.000500, 0.160200, 0.127200, 0.000000, 0.000000, 0.020200, 0.012800, 0.000000, 0.000000, 0.008500, 0.036500, 0.000000, 0.002600, 0.004100, 0.000000},
 {0.106811, 0.177918, 0.000100, 0.376938, 0.279428, 0.000000, 0.000000, 0.027503, 0.017702, 0.000000, 0.000000, 0.002100, 0.009401, 0.000000, 0.000700, 0.001400, 0.000000},
 {0.043391, 0.061288, 0.000100, 0.436313, 0.433013, 0.000000, 0.000000, 0.011498, 0.008498, 0.000000, 0.000000, 0.000900, 0.004199, 0.000000, 0.000300, 0.000500, 0.000000},
 {0.010999, 0.020998, 0.000000, 0.313469, 0.631737, 0.000000, 0.000000, 0.009599, 0.011699, 0.000000, 0.000000, 0.000200, 0.001000, 0.000000, 0.000100, 0.000200, 0.000000},
 {0.007902, 0.021404, 0.000000, 0.120924, 0.631026, 0.000200, 0.000000, 0.054411, 0.163633, 0.000100, 0.000000, 0.000100, 0.000200, 0.000000, 0.000000, 0.000100, 0.000000},
 {0.166000, 0.387800, 0.000100, 0.208800, 0.121700, 0.000000, 0.000000, 0.068600, 0.039500, 0.000000, 0.000000, 0.001100, 0.004000, 0.000000, 0.000700, 0.001700, 0.000000},
 {0.162600, 0.414900, 0.000100, 0.154200, 0.088900, 0.000000, 0.000000, 0.111100, 0.061300, 0.000000, 0.000000, 0.000900, 0.003000, 0.000000, 0.000800, 0.002200, 0.000000},
 {0.056206, 0.146215, 0.000100, 0.417842, 0.249425, 0.000000, 0.000000, 0.075208, 0.052105, 0.000000, 0.000000, 0.000400, 0.001600, 0.000000, 0.000300, 0.000600, 0.000000},
 {0.008398, 0.022895, 0.000000, 0.110778, 0.479104, 0.000200, 0.000000, 0.077684, 0.300140, 0.000300, 0.000000, 0.000100, 0.000200, 0.000000, 0.000000, 0.000200, 0.000000},
 {0.012399, 0.033597, 0.000000, 0.188681, 0.528647, 0.000200, 0.000000, 0.076292, 0.159384, 0.000100, 0.000000, 0.000100, 0.000300, 0.000000, 0.000100, 0.000200, 0.000000},
 {0.033107, 0.073615, 0.000000, 0.455091, 0.378676, 0.000000, 0.000000, 0.031706, 0.025905, 0.000000, 0.000000, 0.000300, 0.001200, 0.000000, 0.000100, 0.000300, 0.000000},
 {0.154300, 0.243300, 0.000200, 0.329200, 0.232800, 0.000000, 0.000000, 0.018000, 0.011400, 0.000000, 0.000000, 0.001700, 0.007700, 0.000000, 0.000500, 0.000900, 0.000000},
 {0.263674, 0.306269, 0.000300, 0.220778, 0.167383, 0.000000, 0.000000, 0.013799, 0.008599, 0.000000, 0.000000, 0.003000, 0.013899, 0.000000, 0.000900, 0.001400, 0.000000},
 {0.517152, 0.213521, 0.000800, 0.111311, 0.090309, 0.000000, 0.000000, 0.008801, 0.005601, 0.000000, 0.000000, 0.008401, 0.039304, 0.000000, 0.002100, 0.002700, 0.000000},
 {0.610122, 0.089718, 0.002901, 0.051710, 0.043209, 0.000000, 0.000000, 0.005601, 0.003801, 0.000000, 0.000000, 0.033507, 0.147730, 0.000000, 0.006001, 0.005701, 0.000000},
 {0.759524, 0.093391, 0.003400, 0.018298, 0.013899, 0.000000, 0.000000, 0.012999, 0.009399, 0.000000, 0.000000, 0.017598, 0.034797, 0.000000, 0.014599, 0.022098, 0.000000},
 {0.004400, 0.018002, 0.000000, 0.051305, 0.558956, 0.000200, 0.000000, 0.040404, 0.326033, 0.000200, 0.000000, 0.000100, 0.000200, 0.000000, 0.000000, 0.000200, 0.000000},
 {0.003000, 0.005900, 0.000000, 0.099000, 0.875600, 0.000400, 0.000000, 0.005100, 0.010800, 0.000000, 0.000000, 0.000000, 0.000200, 0.000000, 0.000000, 0.000000, 0.000000},
 {0.001800, 0.003400, 0.000000, 0.069907, 0.917492, 0.000400, 0.000000, 0.002300, 0.004600, 0.000000, 0.000000, 0.000000, 0.000100, 0.000000, 0.000000, 0.000000, 0.000000},
 {0.001500, 0.004901, 0.000000, 0.029606, 0.933487, 0.000700, 0.000000, 0.006201, 0.023505, 0.000000, 0.000000, 0.000000, 0.000100, 0.000000, 0.000000, 0.000000, 0.000000},
 {0.000800, 0.002800, 0.000000, 0.011100, 0.923900, 0.001500, 0.000000, 0.005700, 0.054100, 0.000100, 0.000000, 0.000000, 0.000000, 0.000000, 0.000000, 0.000000, 0.000000},
 {0.000600, 0.002100, 0.000000, 0.008400, 0.926500, 0.001800, 0.000000, 0.004900, 0.055600, 0.000100, 0.000000, 0.000000, 0.000000, 0.000000, 0.000000, 0.000000, 0.000000},
 {0.000600, 0.001800, 0.000000, 0.008300, 0.931800, 0.002100, 0.000000, 0.004700, 0.050600, 0.000100, 0.000000, 0.000000, 0.000000, 0.000000, 0.000000, 0.000000, 0.000000},
 {0.001000, 0.002700, 0.000000, 0.018702, 0.930993, 0.001800, 0.000000, 0.006401, 0.038404, 0.000000, 0.000000, 0.000000, 0.000000, 0.000000, 0.000000, 0.000000, 0.000000},
 {0.002300, 0.005401, 0.000000, 0.054605, 0.903590, 0.000800, 0.000000, 0.008101, 0.025103, 0.000000, 0.000000, 0.000000, 0.000100, 0.000000, 0.000000, 0.000000, 0.000000},
 {0.001600, 0.003300, 0.000000, 0.056900, 0.930300, 0.000500, 0.000000, 0.002300, 0.005000, 0.000000, 0.000000, 0.000000, 0.000100, 0.000000, 0.000000, 0.000000, 0.000000},
 {0.001300, 0.002700, 0.000000, 0.040500, 0.943500, 0.001000, 0.000000, 0.002900, 0.008000, 0.000000, 0.000000, 0.000000, 0.000100, 0.000000, 0.000000, 0.000000, 0.000000},
 {0.000800, 0.001700, 0.000000, 0.028500, 0.962900, 0.001000, 0.000000, 0.001400, 0.003600, 0.000000, 0.000000, 0.000000, 0.000100, 0.000000, 0.000000, 0.000000, 0.000000},
 {0.000800, 0.001700, 0.000000, 0.024802, 0.966397, 0.001100, 0.000000, 0.001400, 0.003700, 0.000000, 0.000000, 0.000000, 0.000100, 0.000000, 0.000000, 0.000000, 0.000000},
 {0.000700, 0.001900, 0.000000, 0.015002, 0.970697, 0.001600, 0.000000, 0.002100, 0.008001, 0.000000, 0.000000, 0.000000, 0.000000, 0.000000, 0.000000, 0.000000, 0.000000},
 {0.000600, 0.001800, 0.000000, 0.011600, 0.971100, 0.001800, 0.000000, 0.002300, 0.010800, 0.000000, 0.000000, 0.000000, 0.000000, 0.000000, 0.000000, 0.000000, 0.000000},
 {0.000300, 0.001200, 0.000000, 0.005301, 0.965997, 0.003400, 0.000000, 0.002400, 0.021402, 0.000000, 0.000000, 0.000000, 0.000000, 0.000000, 0.000000, 0.000000, 0.000000},
 {0.000300, 0.001000, 0.000000, 0.004400, 0.965397, 0.004000, 0.000000, 0.002200, 0.022702, 0.000000, 0.000000, 0.000000, 0.000000, 0.000000, 0.000000, 0.000000, 0.000000},
 {0.000300, 0.001000, 0.000000, 0.005700, 0.966100, 0.004600, 0.000000, 0.002400, 0.019900, 0.000000, 0.000000, 0.000000, 0.000000, 0.000000, 0.000000, 0.000000, 0.000000},
 {0.000500, 0.001200, 0.000000, 0.008800, 0.964500, 0.003900, 0.000000, 0.002800, 0.018300, 0.000000, 0.000000, 0.000000, 0.000000, 0.000000, 0.000000, 0.000000, 0.000000},
 {0.001000, 0.002300, 0.000000, 0.023402, 0.953195, 0.001900, 0.000000, 0.003700, 0.014501, 0.000000, 0.000000, 0.000000, 0.000000, 0.000000, 0.000000, 0.000000, 0.000000},
 {0.009500, 0.015600, 0.000000, 0.413200, 0.550200, 0.000000, 0.000000, 0.005100, 0.005600, 0.000000, 0.000000, 0.000100, 0.000600, 0.000000, 0.000000, 0.000100, 0.000000},
 {0.006600, 0.008600, 0.000000, 0.351500, 0.627600, 0.000000, 0.000000, 0.002200, 0.002700, 0.000000, 0.000000, 0.000100, 0.000600, 0.000000, 0.000000, 0.000100, 0.000000},
 {0.005900, 0.008400, 0.000000, 0.279400, 0.698900, 0.000100, 0.000000, 0.002800, 0.003800, 0.000000, 0.000000, 0.000100, 0.000500, 0.000000, 0.000000, 0.000100, 0.000000},
 {0.006701, 0.014501, 0.000000, 0.185019, 0.769277, 0.000100, 0.000000, 0.009101, 0.014601, 0.000000, 0.000000, 0.000100, 0.000500, 0.000000, 0.000000, 0.000100, 0.000000},
 {0.006799, 0.025997, 0.000000, 0.099190, 0.714129, 0.000200, 0.000000, 0.037696, 0.115088, 0.000100, 0.000000, 0.000100, 0.000400, 0.000000, 0.000100, 0.000200, 0.000000},
 {0.002601, 0.010202, 0.000000, 0.031906, 0.698040, 0.000400, 0.000000, 0.022605, 0.233847, 0.000200, 0.000000, 0.000000, 0.000100, 0.000000, 0.000000, 0.000100, 0.000000},
 {0.001600, 0.005600, 0.000000, 0.019100, 0.725700, 0.000500, 0.000000, 0.014700, 0.232300, 0.000300, 0.000000, 0.000000, 0.000100, 0.000000, 0.000000, 0.000100, 0.000000},
 {0.001500, 0.004600, 0.000000, 0.019402, 0.760376, 0.000600, 0.000000, 0.014201, 0.199020, 0.000300, 0.000000, 0.000000, 0.000000, 0.000000, 0.000000, 0.000000, 0.000000},
 {0.004400, 0.011701, 0.000000, 0.070407, 0.761676, 0.000400, 0.000000, 0.029603, 0.121512, 0.000100, 0.000000, 0.000000, 0.000100, 0.000000, 0.000000, 0.000100, 0.000000},
 {0.011002, 0.025305, 0.000000, 0.249450, 0.655931, 0.000100, 0.000000, 0.023205, 0.034407, 0.000000, 0.000000, 0.000100, 0.000400, 0.000000, 0.000000, 0.000100, 0.000000},
 {0.008800, 0.037100, 0.000000, 0.107700, 0.499200, 0.000100, 0.000000, 0.074800, 0.271300, 0.000100, 0.000000, 0.000100, 0.000400, 0.000000, 0.000100, 0.000300, 0.000000},
 {0.004600, 0.018302, 0.000000, 0.060906, 0.706971, 0.000300, 0.000000, 0.033803, 0.174517, 0.000100, 0.000000, 0.000100, 0.000200, 0.000000, 0.000000, 0.000200, 0.000000},
 {0.001300, 0.004600, 0.000000, 0.022102, 0.930193, 0.000900, 0.000000, 0.006701, 0.034103, 0.000000, 0.000000, 0.000000, 0.000100, 0.000000, 0.000000, 0.000000, 0.000000},
 {0.000400, 0.001400, 0.000000, 0.006701, 0.968097, 0.002700, 0.000000, 0.002500, 0.018202, 0.000000, 0.000000, 0.000000, 0.000000, 0.000000, 0.000000, 0.000000, 0.000000},
 {0.004000, 0.000400, 0.000200, 0.000300, 0.000200, 0.000000, 0.000000, 0.000000, 0.000000, 0.000000, 0.000000, 0.011501, 0.982598, 0.000600, 0.000100, 0.000100, 0.000000},
 {0.002400, 0.000200, 0.000100, 0.000200, 0.000100, 0.000000, 0.000000, 0.000000, 0.000000, 0.000000, 0.000000, 0.009701, 0.986499, 0.000700, 0.000100, 0.000000, 0.000000},
 {0.009500, 0.001000, 0.000200, 0.000700, 0.000600, 0.000000, 0.000000, 0.000100, 0.000100, 0.000000, 0.000000, 0.011700, 0.974700, 0.000800, 0.000400, 0.000200, 0.000000},
 {0.015598, 0.001700, 0.000200, 0.001300, 0.001100, 0.000000, 0.000000, 0.000200, 0.000100, 0.000000, 0.000000, 0.011499, 0.966403, 0.001000, 0.000600, 0.000300, 0.000000},
 {0.021100, 0.002400, 0.000300, 0.001900, 0.001600, 0.000000, 0.000000, 0.000200, 0.000100, 0.000000, 0.000000, 0.010200, 0.960000, 0.001200, 0.000600, 0.000400, 0.000000},
 {0.021104, 0.002601, 0.000200, 0.002000, 0.001700, 0.000000, 0.000000, 0.000200, 0.000100, 0.000000, 0.000000, 0.006901, 0.962893, 0.001500, 0.000500, 0.000300, 0.000000},
 {0.015698, 0.002000, 0.000200, 0.001500, 0.001300, 0.000000, 0.000000, 0.000200, 0.000100, 0.000000, 0.000000, 0.004900, 0.971903, 0.001600, 0.000400, 0.000200, 0.000000},
 {0.014000, 0.001500, 0.000400, 0.001100, 0.000900, 0.000000, 0.000000, 0.000100, 0.000100, 0.000000, 0.000000, 0.010900, 0.969600, 0.000800, 0.000400, 0.000200, 0.000000},
 {0.011700, 0.001200, 0.000400, 0.000800, 0.000700, 0.000000, 0.000000, 0.000100, 0.000100, 0.000000, 0.000000, 0.013600, 0.970300, 0.000600, 0.000300, 0.000200, 0.000000},
 {0.000300, 0.000000, 0.000000, 0.000000, 0.000000, 0.000000, 0.000000, 0.000000, 0.000000, 0.000000, 0.000000, 0.000300, 0.980898, 0.018502, 0.000000, 0.000000, 0.000000},
 {0.000400, 0.000000, 0.000000, 0.000000, 0.000000, 0.000000, 0.000000, 0.000000, 0.000000, 0.000000, 0.000000, 0.000700, 0.989499, 0.009401, 0.000000, 0.000000, 0.000000},
 {0.000400, 0.000000, 0.000000, 0.000000, 0.000000, 0.000000, 0.000000, 0.000000, 0.000000, 0.000000, 0.000000, 0.000800, 0.990198, 0.008602, 0.000000, 0.000000, 0.000000},
 {0.000700, 0.000100, 0.000000, 0.000100, 0.000100, 0.000000, 0.000000, 0.000000, 0.000000, 0.000000, 0.000000, 0.000500, 0.978400, 0.020100, 0.000000, 0.000000, 0.000000},
 {0.000800, 0.000100, 0.000000, 0.000100, 0.000100, 0.000000, 0.000000, 0.000000, 0.000000, 0.000000, 0.000000, 0.000500, 0.974600, 0.023800, 0.000000, 0.000000, 0.000000},
 {0.000900, 0.000100, 0.000000, 0.000100, 0.000100, 0.000000, 0.000000, 0.000000, 0.000000, 0.000000, 0.000000, 0.000400, 0.970900, 0.027500, 0.000000, 0.000000, 0.000000},
 {0.000700, 0.000100, 0.000000, 0.000100, 0.000100, 0.000000, 0.000000, 0.000000, 0.000000, 0.000000, 0.000000, 0.000300, 0.962404, 0.036296, 0.000000, 0.000000, 0.000000},
 {0.000400, 0.000100, 0.000000, 0.000000, 0.000000, 0.000000, 0.000000, 0.000000, 0.000000, 0.000000, 0.000000, 0.000200, 0.952395, 0.046905, 0.000000, 0.000000, 0.000000},
 {0.000300, 0.000000, 0.000000, 0.000000, 0.000000, 0.000000, 0.000000, 0.000000, 0.000000, 0.000000, 0.000000, 0.000200, 0.972094, 0.027405, 0.000000, 0.000000, 0.000000},
 {0.018202, 0.001600, 0.001000, 0.001100, 0.000900, 0.000000, 0.000000, 0.000100, 0.000100, 0.000000, 0.000000, 0.038604, 0.937294, 0.000200, 0.000600, 0.000300, 0.000000},
 {0.067493, 0.007599, 0.001500, 0.005299, 0.004500, 0.000000, 0.000000, 0.000600, 0.000400, 0.000000, 0.000000, 0.032197, 0.877512, 0.000300, 0.001600, 0.001000, 0.000000},
 {0.013500, 0.001600, 0.000300, 0.001100, 0.001000, 0.000000, 0.000000, 0.000100, 0.000100, 0.000000, 0.000000, 0.007100, 0.973600, 0.001100, 0.000300, 0.000200, 0.000000},
 {0.002300, 0.000300, 0.000000, 0.000200, 0.000200, 0.000000, 0.000000, 0.000000, 0.000000, 0.000000, 0.000000, 0.001300, 0.989300, 0.006300, 0.000100, 0.000000, 0.000000},
 {0.000400, 0.000000, 0.000000, 0.000000, 0.000000, 0.000000, 0.000000, 0.000000, 0.000000, 0.000000, 0.000000, 0.000500, 0.986497, 0.012603, 0.000000, 0.000000, 0.000000},
 {0.001900, 0.000200, 0.000100, 0.000100, 0.000100, 0.000000, 0.000000, 0.000000, 0.000000, 0.000000, 0.000000, 0.002900, 0.992200, 0.002400, 0.000100, 0.000000, 0.000000},
 {0.007000, 0.000700, 0.000300, 0.000500, 0.000400, 0.000000, 0.000000, 0.000100, 0.000000, 0.000000, 0.000000, 0.012900, 0.977200, 0.000600, 0.000200, 0.000100, 0.000000},
 {0.000000, 0.000000, 0.000000, 0.000000, 0.000000, 0.000000, 0.000000, 0.000000, 0.000000, 0.000000, 0.000000, 0.000000, 0.005300, 0.994700, 0.000000, 0.000000, 0.000000},
 {0.000000, 0.000000, 0.000000, 0.000000, 0.000000, 0.000000, 0.000000, 0.000000, 0.000000, 0.000000, 0.000000, 0.000000, 0.007800, 0.992200, 0.000000, 0.000000, 0.000000},
 {0.000000, 0.000000, 0.000000, 0.000000, 0.000000, 0.000000, 0.000000, 0.000000, 0.000000, 0.000000, 0.000000, 0.000000, 0.006900, 0.993100, 0.000000, 0.000000, 0.000000},
 {0.000000, 0.000000, 0.000000, 0.000000, 0.000000, 0.000000, 0.000000, 0.000000, 0.000000, 0.000000, 0.000000, 0.000000, 0.006400, 0.993600, 0.000000, 0.000000, 0.000000},
 {0.000000, 0.000000, 0.000000, 0.000000, 0.000000, 0.000000, 0.000000, 0.000000, 0.000000, 0.000000, 0.000000, 0.000000, 0.006700, 0.993300, 0.000000, 0.000000, 0.000000},
 {0.000000, 0.000000, 0.000000, 0.000000, 0.000000, 0.000000, 0.000000, 0.000000, 0.000000, 0.000000, 0.000000, 0.000000, 0.004500, 0.995500, 0.000000, 0.000000, 0.000000},
 {0.000000, 0.000000, 0.000000, 0.000000, 0.000000, 0.000000, 0.000000, 0.000000, 0.000000, 0.000000, 0.000000, 0.000000, 0.002100, 0.997900, 0.000000, 0.000000, 0.000000},
 {0.000000, 0.000000, 0.000000, 0.000000, 0.000000, 0.000000, 0.000000, 0.000000, 0.000000, 0.000000, 0.000000, 0.000000, 0.001000, 0.999000, 0.000000, 0.000000, 0.000000},
 {0.000000, 0.000000, 0.000000, 0.000000, 0.000000, 0.000000, 0.000000, 0.000000, 0.000000, 0.000000, 0.000000, 0.000000, 0.001600, 0.998400, 0.000000, 0.000000, 0.000000},
 {0.000000, 0.000000, 0.000000, 0.000000, 0.000000, 0.000000, 0.000000, 0.000000, 0.000000, 0.000000, 0.000000, 0.000000, 0.261200, 0.738800, 0.000000, 0.000000, 0.000000},
