//
//  MFZAvatarGenMdlMaleInvBones.cpp
//
//  Copyright MyFiziq (ASX:MYQ) 2017.
//

#include "MFZAvatarGenMdlMaleInvBones.hpp"

using namespace ahi_avatar_gen;

// Class methods

mdl_male_inv_bones::mdl_male_inv_bones(void) : m_male_BonW_inv(N_VERTS_INV_3, std::vector<double>(N_BONES, 0))
{
    for (unsigned int i = 0; i < N_VERTS_INV_3; ++i) {
        for (unsigned int j = 0; j < N_BONES; ++j) {
            m_male_BonW_inv[i][j] = c_male_bone_weights_inv[i][j];
        }
    }
}

std::vector< std::vector<double> > &mdl_male_inv_bones::getBonWInv(void) const {
    return const_cast<std::vector< std::vector<double> >&>(m_male_BonW_inv);
}

// Model data

const double mdl_male_inv_bones::c_male_bone_weights_inv[N_VERTS_INV_3][N_BONES] = {
 {0.414717, 0.023095, 0.002200, 0.031594, 0.032194, 0.000000, 0.000000, 0.002999, 0.002599, 0.000000, 0.000000, 0.063887, 0.416617, 0.000100, 0.006399, 0.003599, 0.000000},
 {0.408041, 0.023102, 0.003100, 0.026303, 0.026803, 0.000000, 0.000000, 0.002400, 0.002100, 0.000000, 0.000000, 0.073507, 0.425443, 0.000100, 0.005801, 0.003300, 0.000000},
 {0.000000, 0.000000, 0.000000, 0.000000, 0.000000, 0.000000, 0.000000, 0.000000, 0.000000, 0.000000, 0.000000, 0.000000, 0.896190, 0.103810, 0.000000, 0.000000, 0.000000},
 {0.019398, 0.000700, 0.000500, 0.000900, 0.000900, 0.000000, 0.000000, 0.000100, 0.000100, 0.000000, 0.000000, 0.040896, 0.935006, 0.000200, 0.001000, 0.000300, 0.000000},
 {0.004800, 0.000200, 0.000300, 0.000200, 0.000200, 0.000000, 0.000000, 0.000000, 0.000000, 0.000000, 0.000000, 0.024398, 0.969203, 0.000400, 0.000200, 0.000100, 0.000000},
 {0.212521, 0.002700, 0.031903, 0.001800, 0.001800, 0.000000, 0.000000, 0.000400, 0.000400, 0.000000, 0.000000, 0.570457, 0.157716, 0.000000, 0.016502, 0.003800, 0.000000},
 {0.009201, 0.000300, 0.001700, 0.000200, 0.000200, 0.000000, 0.000000, 0.000000, 0.000000, 0.000000, 0.000000, 0.243424, 0.744374, 0.000000, 0.000500, 0.000100, 0.000000},
 {0.039404, 0.000500, 0.008501, 0.000700, 0.000700, 0.000000, 0.000000, 0.000200, 0.000100, 0.000000, 0.000000, 0.571857, 0.368237, 0.000000, 0.008501, 0.001300, 0.000000},
 {0.748225, 0.013099, 0.012899, 0.005299, 0.005199, 0.000000, 0.000000, 0.002500, 0.002400, 0.000000, 0.000000, 0.090191, 0.068993, 0.000000, 0.033097, 0.018098, 0.000000},
 {0.000100, 0.000000, 0.000000, 0.000000, 0.000000, 0.000000, 0.000000, 0.000000, 0.000000, 0.000000, 0.000000, 0.000100, 0.915900, 0.083900, 0.000000, 0.000000, 0.000000},
 {0.000100, 0.000000, 0.000000, 0.000000, 0.000000, 0.000000, 0.000000, 0.000000, 0.000000, 0.000000, 0.000000, 0.000100, 0.849615, 0.150185, 0.000000, 0.000000, 0.000000},
 {0.000000, 0.000000, 0.000000, 0.000000, 0.000000, 0.000000, 0.000000, 0.000000, 0.000000, 0.000000, 0.000000, 0.000000, 0.784878, 0.215122, 0.000000, 0.000000, 0.000000},
 {0.000000, 0.000000, 0.000000, 0.000000, 0.000000, 0.000000, 0.000000, 0.000000, 0.000000, 0.000000, 0.000000, 0.000000, 0.900690, 0.099310, 0.000000, 0.000000, 0.000000},
 {0.066300, 0.063800, 0.000000, 0.416200, 0.441900, 0.000000, 0.000000, 0.004500, 0.004200, 0.000000, 0.000000, 0.000600, 0.002200, 0.000000, 0.000100, 0.000200, 0.000000},
 {0.063106, 0.046705, 0.000000, 0.421042, 0.459546, 0.000000, 0.000000, 0.003200, 0.003000, 0.000000, 0.000000, 0.000600, 0.002500, 0.000000, 0.000100, 0.000200, 0.000000},
 {0.553455, 0.069707, 0.000600, 0.144614, 0.149315, 0.000000, 0.000000, 0.005701, 0.004800, 0.000000, 0.000000, 0.012901, 0.055106, 0.000000, 0.002100, 0.001700, 0.000000},
 {0.606000, 0.087300, 0.000700, 0.110000, 0.112300, 0.000000, 0.000000, 0.004800, 0.004100, 0.000000, 0.000000, 0.014000, 0.056700, 0.000000, 0.002200, 0.001900, 0.000000},
 {0.722328, 0.161484, 0.000800, 0.026197, 0.023698, 0.000000, 0.000000, 0.018598, 0.016298, 0.000000, 0.000000, 0.005899, 0.012199, 0.000000, 0.004600, 0.007899, 0.000000},
 {0.178936, 0.000500, 0.103621, 0.000400, 0.000400, 0.000000, 0.000000, 0.000300, 0.000300, 0.000000, 0.000000, 0.435187, 0.024605, 0.000000, 0.241348, 0.014403, 0.000000},
 {0.736526, 0.069693, 0.000400, 0.049195, 0.046695, 0.000000, 0.000000, 0.031897, 0.028497, 0.000000, 0.000000, 0.006899, 0.016098, 0.000000, 0.005299, 0.008799, 0.000000},
 {0.034497, 0.060994, 0.000000, 0.263274, 0.424658, 0.000000, 0.000000, 0.096590, 0.118288, 0.000000, 0.000000, 0.000300, 0.000800, 0.000000, 0.000200, 0.000400, 0.000000},
 {0.006700, 0.000100, 0.033300, 0.000100, 0.000100, 0.000000, 0.000000, 0.000000, 0.000000, 0.000000, 0.000000, 0.825400, 0.130900, 0.000000, 0.003200, 0.000200, 0.000000},
 {0.009400, 0.000000, 0.462200, 0.000000, 0.000000, 0.000000, 0.000000, 0.000000, 0.000000, 0.000000, 0.000000, 0.494100, 0.015200, 0.000000, 0.018300, 0.000800, 0.000000},
 {0.073085, 0.000300, 0.321236, 0.000200, 0.000200, 0.000000, 0.000000, 0.000100, 0.000100, 0.000000, 0.000000, 0.558888, 0.016897, 0.000000, 0.026895, 0.002100, 0.000000},
 {0.010100, 0.000100, 0.242600, 0.000000, 0.000000, 0.000000, 0.000000, 0.000000, 0.000000, 0.000000, 0.000000, 0.709900, 0.027100, 0.000000, 0.009700, 0.000500, 0.000000},
 {0.652400, 0.004200, 0.045700, 0.001500, 0.001500, 0.000000, 0.000000, 0.001200, 0.001100, 0.000000, 0.000000, 0.146800, 0.038000, 0.000000, 0.085300, 0.022300, 0.000000},
 {0.808381, 0.020302, 0.007901, 0.006001, 0.005801, 0.000000, 0.000000, 0.004500, 0.004200, 0.000000, 0.000000, 0.045005, 0.041204, 0.000000, 0.031503, 0.025203, 0.000000},
 {0.053205, 0.002600, 0.000500, 0.003200, 0.003300, 0.000000, 0.000000, 0.000300, 0.000300, 0.000000, 0.000000, 0.017402, 0.917392, 0.000200, 0.001100, 0.000500, 0.000000},
 {0.033700, 0.001200, 0.000700, 0.001600, 0.001600, 0.000000, 0.000000, 0.000200, 0.000200, 0.000000, 0.000000, 0.045900, 0.912700, 0.000200, 0.001500, 0.000500, 0.000000},
 {0.007500, 0.000300, 0.000500, 0.000300, 0.000300, 0.000000, 0.000000, 0.000000, 0.000000, 0.000000, 0.000000, 0.046900, 0.943600, 0.000200, 0.000300, 0.000100, 0.000000},
 {0.027200, 0.000800, 0.001200, 0.001000, 0.001000, 0.000000, 0.000000, 0.000200, 0.000100, 0.000000, 0.000000, 0.116300, 0.849600, 0.000100, 0.002000, 0.000500, 0.000000},
 {0.052600, 0.001400, 0.001900, 0.002000, 0.002000, 0.000000, 0.000000, 0.000300, 0.000300, 0.000000, 0.000000, 0.137500, 0.797300, 0.000000, 0.003700, 0.001000, 0.000000},
 {0.100910, 0.004900, 0.000900, 0.006201, 0.006401, 0.000000, 0.000000, 0.000600, 0.000600, 0.000000, 0.000000, 0.029903, 0.846385, 0.000100, 0.002100, 0.001000, 0.000000},
 {0.110711, 0.005201, 0.001800, 0.005601, 0.005701, 0.000000, 0.000000, 0.000600, 0.000500, 0.000000, 0.000000, 0.055606, 0.810881, 0.000100, 0.002200, 0.001100, 0.000000},
 {0.105711, 0.003900, 0.003800, 0.003700, 0.003800, 0.000000, 0.000000, 0.000400, 0.000400, 0.000000, 0.000000, 0.145215, 0.728773, 0.000100, 0.003000, 0.001200, 0.000000},
 {0.072700, 0.001900, 0.007600, 0.001600, 0.001600, 0.000000, 0.000000, 0.000200, 0.000200, 0.000000, 0.000000, 0.365400, 0.544300, 0.000000, 0.003500, 0.001000, 0.000000},
 {0.020502, 0.000200, 0.040004, 0.000200, 0.000200, 0.000000, 0.000000, 0.000000, 0.000000, 0.000000, 0.000000, 0.839784, 0.095010, 0.000000, 0.003700, 0.000400, 0.000000},
 {0.015000, 0.000100, 0.184400, 0.000100, 0.000100, 0.000000, 0.000000, 0.000000, 0.000000, 0.000000, 0.000000, 0.763600, 0.029000, 0.000000, 0.007200, 0.000500, 0.000000},
 {0.008900, 0.000100, 0.079800, 0.000100, 0.000100, 0.000000, 0.000000, 0.000000, 0.000000, 0.000000, 0.000000, 0.833500, 0.069500, 0.000000, 0.007500, 0.000500, 0.000000},
 {0.073785, 0.000300, 0.147970, 0.000300, 0.000300, 0.000000, 0.000000, 0.000200, 0.000200, 0.000000, 0.000000, 0.628074, 0.029394, 0.000000, 0.113577, 0.005899, 0.000000},
 {0.109000, 0.000300, 0.166400, 0.000300, 0.000300, 0.000000, 0.000000, 0.000200, 0.000200, 0.000000, 0.000000, 0.431900, 0.018100, 0.000000, 0.262200, 0.011100, 0.000000},
 {0.415542, 0.001300, 0.035604, 0.001200, 0.001200, 0.000000, 0.000000, 0.000900, 0.000900, 0.000000, 0.000000, 0.309731, 0.048605, 0.000000, 0.161616, 0.023402, 0.000000},
 {0.035800, 0.074800, 0.000000, 0.419300, 0.428500, 0.000000, 0.000000, 0.019700, 0.020800, 0.000000, 0.000000, 0.000200, 0.000700, 0.000000, 0.000100, 0.000100, 0.000000},
 {0.002400, 0.005700, 0.000000, 0.021100, 0.640900, 0.000400, 0.000000, 0.018000, 0.311000, 0.000500, 0.000000, 0.000000, 0.000000, 0.000000, 0.000000, 0.000000, 0.000000},
 {0.553055, 0.063406, 0.000500, 0.149415, 0.153915, 0.000000, 0.000000, 0.008801, 0.007401, 0.000000, 0.000000, 0.011801, 0.047305, 0.000000, 0.002300, 0.002100, 0.000000},
 {0.037107, 0.019004, 0.000000, 0.433787, 0.502300, 0.000000, 0.000000, 0.002801, 0.002701, 0.000000, 0.000000, 0.000400, 0.001700, 0.000000, 0.000100, 0.000100, 0.000000},
 {0.033000, 0.107100, 0.000000, 0.257600, 0.248100, 0.000100, 0.000000, 0.167300, 0.186000, 0.000100, 0.000000, 0.000100, 0.000300, 0.000000, 0.000100, 0.000200, 0.000000},
 {0.415342, 0.145815, 0.000300, 0.199120, 0.203920, 0.000000, 0.000000, 0.005001, 0.004200, 0.000000, 0.000000, 0.005001, 0.019502, 0.000000, 0.000900, 0.000900, 0.000000},
 {0.377162, 0.106289, 0.000300, 0.235776, 0.244076, 0.000000, 0.000000, 0.004800, 0.004100, 0.000000, 0.000000, 0.005099, 0.020598, 0.000000, 0.000900, 0.000900, 0.000000},
 {0.285429, 0.072407, 0.000200, 0.297430, 0.310631, 0.000000, 0.000000, 0.006601, 0.005501, 0.000000, 0.000000, 0.004000, 0.016202, 0.000000, 0.000800, 0.000800, 0.000000},
 {0.002700, 0.005801, 0.000000, 0.022302, 0.579558, 0.000300, 0.000000, 0.019602, 0.369137, 0.000600, 0.000000, 0.000000, 0.000000, 0.000000, 0.000000, 0.000000, 0.000000},
 {0.004900, 0.008801, 0.000000, 0.043504, 0.573457, 0.000200, 0.000000, 0.033303, 0.335334, 0.000300, 0.000000, 0.000000, 0.000100, 0.000000, 0.000000, 0.000100, 0.000000},
 {0.039200, 0.123700, 0.000000, 0.321500, 0.278600, 0.000100, 0.000000, 0.115000, 0.120900, 0.000100, 0.000000, 0.000100, 0.000400, 0.000000, 0.000100, 0.000300, 0.000000},
 {0.706841, 0.136127, 0.000800, 0.049210, 0.047309, 0.000000, 0.000000, 0.009102, 0.007702, 0.000000, 0.000000, 0.009502, 0.026305, 0.000000, 0.003101, 0.004001, 0.000000},
 {0.593341, 0.023798, 0.005799, 0.017798, 0.017898, 0.000000, 0.000000, 0.002500, 0.002300, 0.000000, 0.000000, 0.096190, 0.224478, 0.000000, 0.009999, 0.005899, 0.000000},
 {0.547800, 0.014400, 0.010000, 0.009700, 0.009700, 0.000000, 0.000000, 0.001800, 0.001600, 0.000000, 0.000000, 0.160200, 0.223300, 0.000000, 0.014500, 0.007000, 0.000000},
 {0.405400, 0.004000, 0.037200, 0.002200, 0.002200, 0.000000, 0.000000, 0.000700, 0.000700, 0.000000, 0.000000, 0.400500, 0.109000, 0.000000, 0.030400, 0.007700, 0.000000},
 {0.000800, 0.000000, 0.000000, 0.000000, 0.000000, 0.000000, 0.000000, 0.000000, 0.000000, 0.000000, 0.000000, 0.002300, 0.992900, 0.004000, 0.000000, 0.000000, 0.000000},
 {0.001400, 0.000100, 0.000000, 0.000100, 0.000100, 0.000000, 0.000000, 0.000000, 0.000000, 0.000000, 0.000000, 0.001800, 0.993300, 0.003100, 0.000100, 0.000000, 0.000000},
 {0.001900, 0.000100, 0.000000, 0.000100, 0.000100, 0.000000, 0.000000, 0.000000, 0.000000, 0.000000, 0.000000, 0.001800, 0.992601, 0.003300, 0.000100, 0.000000, 0.000000},
 {0.001700, 0.000100, 0.000000, 0.000100, 0.000100, 0.000000, 0.000000, 0.000000, 0.000000, 0.000000, 0.000000, 0.001100, 0.992399, 0.004500, 0.000000, 0.000000, 0.000000},
 {0.002100, 0.000100, 0.000100, 0.000100, 0.000100, 0.000000, 0.000000, 0.000000, 0.000000, 0.000000, 0.000000, 0.002800, 0.989601, 0.005000, 0.000100, 0.000000, 0.000000},
 {0.115288, 0.000400, 0.358664, 0.000200, 0.000200, 0.000000, 0.000000, 0.000100, 0.000100, 0.000000, 0.000000, 0.461454, 0.015198, 0.000000, 0.044996, 0.003400, 0.000000},
 {0.794700, 0.012200, 0.002600, 0.010900, 0.010800, 0.000000, 0.000000, 0.007500, 0.007100, 0.000000, 0.000000, 0.042900, 0.052000, 0.000000, 0.031800, 0.027500, 0.000000},
 {0.602060, 0.031403, 0.001600, 0.050605, 0.051605, 0.000000, 0.000000, 0.005301, 0.004600, 0.000000, 0.000000, 0.046205, 0.194719, 0.000000, 0.007201, 0.004700, 0.000000},
 {0.550145, 0.037496, 0.001800, 0.055694, 0.056994, 0.000000, 0.000000, 0.004400, 0.003800, 0.000000, 0.000000, 0.046095, 0.234377, 0.000000, 0.005599, 0.003600, 0.000000},
 {0.568914, 0.040108, 0.002300, 0.046309, 0.047109, 0.000000, 0.000000, 0.003601, 0.003101, 0.000000, 0.000000, 0.049910, 0.229746, 0.000000, 0.005401, 0.003501, 0.000000},
 {0.803600, 0.056300, 0.002600, 0.018400, 0.017800, 0.000000, 0.000000, 0.007100, 0.006400, 0.000000, 0.000000, 0.023500, 0.043500, 0.000000, 0.009900, 0.010900, 0.000000},
 {0.819982, 0.056306, 0.002600, 0.013401, 0.012701, 0.000000, 0.000000, 0.009301, 0.008601, 0.000000, 0.000000, 0.018602, 0.028603, 0.000000, 0.013201, 0.016702, 0.000000},
 {0.805081, 0.078008, 0.001800, 0.016802, 0.015802, 0.000000, 0.000000, 0.011601, 0.010601, 0.000000, 0.000000, 0.013501, 0.023202, 0.000000, 0.009801, 0.013801, 0.000000},
 {0.791979, 0.076108, 0.001800, 0.023102, 0.022202, 0.000000, 0.000000, 0.008501, 0.007601, 0.000000, 0.000000, 0.017102, 0.035004, 0.000000, 0.007501, 0.009101, 0.000000},
 {0.716972, 0.152115, 0.000800, 0.036904, 0.034503, 0.000000, 0.000000, 0.012701, 0.011001, 0.000000, 0.000000, 0.007601, 0.018202, 0.000000, 0.003700, 0.005501, 0.000000},
 {0.493800, 0.350600, 0.000200, 0.059800, 0.052200, 0.000000, 0.000000, 0.018000, 0.014600, 0.000000, 0.000000, 0.002100, 0.005700, 0.000000, 0.001100, 0.001900, 0.000000},
 {0.490300, 0.374000, 0.000200, 0.041500, 0.034600, 0.000000, 0.000000, 0.027800, 0.022500, 0.000000, 0.000000, 0.001600, 0.003800, 0.000000, 0.001200, 0.002500, 0.000000},
 {0.492700, 0.311200, 0.000200, 0.083200, 0.076200, 0.000000, 0.000000, 0.012700, 0.010300, 0.000000, 0.000000, 0.002700, 0.008300, 0.000000, 0.001000, 0.001500, 0.000000},
 {0.554345, 0.153385, 0.000200, 0.088891, 0.081992, 0.000000, 0.000000, 0.053795, 0.045995, 0.000000, 0.000000, 0.003700, 0.009699, 0.000000, 0.002800, 0.005199, 0.000000},
 {0.443244, 0.018702, 0.002400, 0.027203, 0.027703, 0.000000, 0.000000, 0.003200, 0.002800, 0.000000, 0.000000, 0.081108, 0.379238, 0.000000, 0.009501, 0.004900, 0.000000},
 {0.233423, 0.001300, 0.029903, 0.001400, 0.001500, 0.000000, 0.000000, 0.000600, 0.000600, 0.000000, 0.000000, 0.548655, 0.098610, 0.000000, 0.073307, 0.010701, 0.000000},
 {0.110222, 0.000400, 0.093619, 0.000400, 0.000400, 0.000000, 0.000000, 0.000200, 0.000200, 0.000000, 0.000000, 0.636827, 0.040808, 0.000000, 0.109522, 0.007401, 0.000000},
 {0.037500, 0.000300, 0.044400, 0.000300, 0.000300, 0.000000, 0.000000, 0.000100, 0.000100, 0.000000, 0.000000, 0.788000, 0.104500, 0.000000, 0.022600, 0.001900, 0.000000},
 {0.005300, 0.000100, 0.006300, 0.000100, 0.000100, 0.000000, 0.000000, 0.000000, 0.000000, 0.000000, 0.000000, 0.629500, 0.357700, 0.000000, 0.000800, 0.000100, 0.000000},
 {0.039200, 0.000600, 0.019400, 0.000500, 0.000500, 0.000000, 0.000000, 0.000100, 0.000100, 0.000000, 0.000000, 0.737300, 0.197800, 0.000000, 0.003800, 0.000700, 0.000000},
 {0.205800, 0.010100, 0.001600, 0.013200, 0.013400, 0.000000, 0.000000, 0.001400, 0.001200, 0.000000, 0.000000, 0.053300, 0.693600, 0.000100, 0.004200, 0.002100, 0.000000},
 {0.195520, 0.009601, 0.002400, 0.010701, 0.010901, 0.000000, 0.000000, 0.001100, 0.001000, 0.000000, 0.000000, 0.068907, 0.694369, 0.000100, 0.003600, 0.001800, 0.000000},
 {0.160684, 0.005699, 0.005499, 0.005199, 0.005299, 0.000000, 0.000000, 0.000700, 0.000600, 0.000000, 0.000000, 0.179782, 0.629837, 0.000100, 0.004700, 0.001900, 0.000000},
 {0.319136, 0.008898, 0.010598, 0.006899, 0.006999, 0.000000, 0.000000, 0.001100, 0.001000, 0.000000, 0.000000, 0.246651, 0.384123, 0.000000, 0.010398, 0.004199, 0.000000},
 {0.129213, 0.003400, 0.009401, 0.002800, 0.002800, 0.000000, 0.000000, 0.000400, 0.000400, 0.000000, 0.000000, 0.341134, 0.503050, 0.000000, 0.005601, 0.001800, 0.000000},
 {0.105789, 0.000600, 0.167183, 0.000300, 0.000300, 0.000000, 0.000000, 0.000100, 0.000100, 0.000000, 0.000000, 0.666533, 0.031197, 0.000000, 0.025297, 0.002600, 0.000000},
 {0.075792, 0.001200, 0.023598, 0.000800, 0.000800, 0.000000, 0.000000, 0.000200, 0.000200, 0.000000, 0.000000, 0.698830, 0.190681, 0.000000, 0.006599, 0.001300, 0.000000},
 {0.038000, 0.000300, 0.109700, 0.000200, 0.000200, 0.000000, 0.000000, 0.000100, 0.000000, 0.000000, 0.000000, 0.799700, 0.042100, 0.000000, 0.008800, 0.000900, 0.000000},
 {0.026397, 0.000200, 0.224478, 0.000100, 0.000100, 0.000000, 0.000000, 0.000000, 0.000000, 0.000000, 0.000000, 0.714829, 0.023398, 0.000000, 0.009699, 0.000800, 0.000000},
 {0.019404, 0.000300, 0.014203, 0.000200, 0.000200, 0.000000, 0.000000, 0.000000, 0.000000, 0.000000, 0.000000, 0.731646, 0.231546, 0.000000, 0.002100, 0.000400, 0.000000},
 {0.036504, 0.001000, 0.004800, 0.000800, 0.000900, 0.000000, 0.000000, 0.000100, 0.000100, 0.000000, 0.000000, 0.339434, 0.614061, 0.000000, 0.001800, 0.000500, 0.000000},
 {0.053005, 0.002000, 0.002300, 0.001900, 0.001900, 0.000000, 0.000000, 0.000200, 0.000200, 0.000000, 0.000000, 0.113111, 0.823082, 0.000100, 0.001600, 0.000600, 0.000000},
 {0.033897, 0.001400, 0.001100, 0.001400, 0.001400, 0.000000, 0.000000, 0.000200, 0.000100, 0.000000, 0.000000, 0.055094, 0.903810, 0.000300, 0.000900, 0.000400, 0.000000},
 {0.001700, 0.000100, 0.000100, 0.000100, 0.000100, 0.000000, 0.000000, 0.000000, 0.000000, 0.000000, 0.000000, 0.002900, 0.990100, 0.004900, 0.000000, 0.000000, 0.000000},
 {0.000100, 0.000000, 0.000000, 0.000000, 0.000000, 0.000000, 0.000000, 0.000000, 0.000000, 0.000000, 0.000000, 0.000100, 0.891800, 0.108000, 0.000000, 0.000000, 0.000000},
 {0.009800, 0.000100, 0.029100, 0.000100, 0.000100, 0.000000, 0.000000, 0.000000, 0.000000, 0.000000, 0.000000, 0.806800, 0.147500, 0.000000, 0.006000, 0.000500, 0.000000},
 {0.008600, 0.000100, 0.016700, 0.000100, 0.000100, 0.000000, 0.000000, 0.000000, 0.000000, 0.000000, 0.000000, 0.756000, 0.213800, 0.000000, 0.004200, 0.000400, 0.000000},
 {0.004301, 0.000100, 0.001200, 0.000100, 0.000100, 0.000000, 0.000000, 0.000000, 0.000000, 0.000000, 0.000000, 0.323465, 0.670034, 0.000000, 0.000600, 0.000100, 0.000000},
 {0.006301, 0.000200, 0.000300, 0.000300, 0.000300, 0.000000, 0.000000, 0.000000, 0.000000, 0.000000, 0.000000, 0.046605, 0.945395, 0.000100, 0.000400, 0.000100, 0.000000},
 {0.002801, 0.000100, 0.000100, 0.000100, 0.000100, 0.000000, 0.000000, 0.000000, 0.000000, 0.000000, 0.000000, 0.016603, 0.979696, 0.000400, 0.000100, 0.000000, 0.000000},
 {0.000600, 0.000000, 0.000000, 0.000000, 0.000000, 0.000000, 0.000000, 0.000000, 0.000000, 0.000000, 0.000000, 0.001800, 0.993999, 0.003601, 0.000000, 0.000000, 0.000000},
 {0.000000, 0.000000, 0.000000, 0.000000, 0.000000, 0.000000, 0.000000, 0.000000, 0.000000, 0.000000, 0.000000, 0.000100, 0.918092, 0.081808, 0.000000, 0.000000, 0.000000},
 {0.013301, 0.000200, 0.033003, 0.000100, 0.000100, 0.000000, 0.000000, 0.000000, 0.000000, 0.000000, 0.000000, 0.837184, 0.113011, 0.000000, 0.002800, 0.000300, 0.000000},
 {0.030703, 0.000200, 0.066507, 0.000200, 0.000200, 0.000000, 0.000000, 0.000100, 0.000100, 0.000000, 0.000000, 0.799580, 0.075808, 0.000000, 0.024802, 0.001800, 0.000000},
 {0.215957, 0.008098, 0.002200, 0.011198, 0.011398, 0.000000, 0.000000, 0.001400, 0.001300, 0.000000, 0.000000, 0.095281, 0.642971, 0.000100, 0.007099, 0.002999, 0.000000},
 {0.114589, 0.004200, 0.001500, 0.005799, 0.005899, 0.000000, 0.000000, 0.000700, 0.000600, 0.000000, 0.000000, 0.076592, 0.784022, 0.000100, 0.004300, 0.001700, 0.000000},
 {0.074215, 0.003101, 0.000800, 0.004101, 0.004201, 0.000000, 0.000000, 0.000500, 0.000400, 0.000000, 0.000000, 0.036807, 0.872575, 0.000200, 0.002200, 0.000900, 0.000000},
 {0.002000, 0.000100, 0.000000, 0.000100, 0.000100, 0.000000, 0.000000, 0.000000, 0.000000, 0.000000, 0.000000, 0.001200, 0.992300, 0.004100, 0.000100, 0.000000, 0.000000},
 {0.000000, 0.000000, 0.000000, 0.000000, 0.000000, 0.000000, 0.000000, 0.000000, 0.000000, 0.000000, 0.000000, 0.000000, 0.829983, 0.170017, 0.000000, 0.000000, 0.000000},
 {0.684432, 0.005399, 0.007499, 0.005000, 0.005000, 0.000000, 0.000000, 0.003300, 0.003200, 0.000000, 0.000000, 0.112089, 0.072793, 0.000000, 0.068993, 0.032297, 0.000000},
 {0.581100, 0.065800, 0.000500, 0.134600, 0.137500, 0.000000, 0.000000, 0.012000, 0.010100, 0.000000, 0.000000, 0.011200, 0.041800, 0.000000, 0.002700, 0.002700, 0.000000},
 {0.049005, 0.000200, 0.103410, 0.000300, 0.000300, 0.000000, 0.000000, 0.000100, 0.000100, 0.000000, 0.000000, 0.743174, 0.048205, 0.000000, 0.052005, 0.003200, 0.000000},
 {0.066893, 0.000400, 0.068193, 0.000400, 0.000400, 0.000000, 0.000000, 0.000200, 0.000200, 0.000000, 0.000000, 0.743026, 0.066393, 0.000000, 0.049995, 0.003900, 0.000000},
 {0.112100, 0.001100, 0.018600, 0.001300, 0.001300, 0.000000, 0.000000, 0.000400, 0.000400, 0.000000, 0.000000, 0.637400, 0.194900, 0.000000, 0.028200, 0.004300, 0.000000},
 {0.341800, 0.013500, 0.002500, 0.019100, 0.019400, 0.000000, 0.000000, 0.002300, 0.002100, 0.000000, 0.000000, 0.093500, 0.492300, 0.000100, 0.009100, 0.004300, 0.000000},
 {0.322600, 0.016700, 0.002100, 0.022200, 0.022600, 0.000000, 0.000000, 0.002200, 0.001900, 0.000000, 0.000000, 0.065200, 0.535400, 0.000100, 0.005900, 0.003100, 0.000000},
 {0.310269, 0.016298, 0.003000, 0.018598, 0.018898, 0.000000, 0.000000, 0.001800, 0.001600, 0.000000, 0.000000, 0.075892, 0.545745, 0.000100, 0.005099, 0.002700, 0.000000},
 {0.264426, 0.010001, 0.006201, 0.009001, 0.009101, 0.000000, 0.000000, 0.001100, 0.001000, 0.000000, 0.000000, 0.163916, 0.525653, 0.000100, 0.006601, 0.002900, 0.000000},
 {0.209842, 0.005701, 0.010302, 0.004601, 0.004601, 0.000000, 0.000000, 0.000700, 0.000600, 0.000000, 0.000000, 0.295259, 0.457692, 0.000000, 0.007902, 0.002801, 0.000000},
 {0.134700, 0.001900, 0.028300, 0.001300, 0.001300, 0.000000, 0.000000, 0.000300, 0.000300, 0.000000, 0.000000, 0.641700, 0.176800, 0.000000, 0.011000, 0.002400, 0.000000},
 {0.064694, 0.000400, 0.138486, 0.000200, 0.000200, 0.000000, 0.000000, 0.000100, 0.000100, 0.000000, 0.000000, 0.743326, 0.035896, 0.000000, 0.014999, 0.001600, 0.000000},
 {0.044804, 0.000200, 0.277228, 0.000100, 0.000100, 0.000000, 0.000000, 0.000000, 0.000000, 0.000000, 0.000000, 0.641064, 0.019302, 0.000000, 0.015902, 0.001300, 0.000000},
 {0.472500, 0.015300, 0.002800, 0.022000, 0.022400, 0.000000, 0.000000, 0.003200, 0.002900, 0.000000, 0.000000, 0.099900, 0.339700, 0.000000, 0.012900, 0.006400, 0.000000},
 {0.000000, 0.000000, 0.000000, 0.000000, 0.000000, 0.000000, 0.000000, 0.000000, 0.000000, 0.000000, 0.000000, 0.000000, 0.872487, 0.127513, 0.000000, 0.000000, 0.000000},
 {0.002100, 0.000100, 0.000000, 0.000100, 0.000100, 0.000000, 0.000000, 0.000000, 0.000000, 0.000000, 0.000000, 0.001600, 0.992299, 0.003600, 0.000100, 0.000000, 0.000000},
 {0.052589, 0.002000, 0.000800, 0.002699, 0.002699, 0.000000, 0.000000, 0.000300, 0.000300, 0.000000, 0.000000, 0.045891, 0.889622, 0.000200, 0.002100, 0.000800, 0.000000},
 {0.080992, 0.002400, 0.002100, 0.003200, 0.003300, 0.000000, 0.000000, 0.000500, 0.000400, 0.000000, 0.000000, 0.128187, 0.772523, 0.000100, 0.004800, 0.001500, 0.000000},
 {0.137500, 0.003000, 0.004400, 0.004100, 0.004100, 0.000000, 0.000000, 0.000700, 0.000700, 0.000000, 0.000000, 0.240300, 0.591200, 0.000000, 0.010900, 0.003100, 0.000000},
 {0.251100, 0.003600, 0.008100, 0.004700, 0.004800, 0.000000, 0.000000, 0.001100, 0.001000, 0.000000, 0.000000, 0.356400, 0.337300, 0.000000, 0.025000, 0.006900, 0.000000},
 {0.432300, 0.003500, 0.011900, 0.004100, 0.004100, 0.000000, 0.000000, 0.001500, 0.001400, 0.000000, 0.000000, 0.315700, 0.159500, 0.000000, 0.051700, 0.014300, 0.000000},
 {0.594059, 0.003200, 0.013601, 0.003000, 0.003000, 0.000000, 0.000000, 0.002000, 0.002000, 0.000000, 0.000000, 0.177818, 0.070507, 0.000000, 0.100010, 0.030803, 0.000000},
 {0.107532, 0.365910, 0.000000, 0.173952, 0.120836, 0.000000, 0.000000, 0.132940, 0.096629, 0.000000, 0.000000, 0.000300, 0.000900, 0.000000, 0.000300, 0.000700, 0.000000},
 {0.109822, 0.337768, 0.000000, 0.241548, 0.162733, 0.000000, 0.000000, 0.082116, 0.063513, 0.000000, 0.000000, 0.000400, 0.001200, 0.000000, 0.000300, 0.000600, 0.000000},
 {0.321200, 0.376400, 0.000100, 0.138900, 0.120700, 0.000000, 0.000000, 0.019500, 0.015500, 0.000000, 0.000000, 0.001500, 0.004600, 0.000000, 0.000600, 0.001000, 0.000000},
 {0.267900, 0.165000, 0.000100, 0.268400, 0.275200, 0.000000, 0.000000, 0.004900, 0.004200, 0.000000, 0.000000, 0.002700, 0.010500, 0.000000, 0.000500, 0.000600, 0.000000},
 {0.236571, 0.108933, 0.000100, 0.309893, 0.321797, 0.000000, 0.000000, 0.004201, 0.003601, 0.000000, 0.000000, 0.002801, 0.011103, 0.000000, 0.000500, 0.000500, 0.000000},
 {0.165083, 0.054795, 0.000100, 0.369363, 0.388861, 0.000000, 0.000000, 0.005299, 0.004500, 0.000000, 0.000000, 0.002200, 0.008799, 0.000000, 0.000500, 0.000500, 0.000000},
 {0.140314, 0.236624, 0.000100, 0.221022, 0.170117, 0.000000, 0.000000, 0.131813, 0.094009, 0.000000, 0.000000, 0.000900, 0.002700, 0.000000, 0.000700, 0.001700, 0.000000},
 {0.271000, 0.103700, 0.000100, 0.285100, 0.293100, 0.000000, 0.000000, 0.016200, 0.013200, 0.000000, 0.000000, 0.003300, 0.012200, 0.000000, 0.000900, 0.001200, 0.000000},
 {0.627400, 0.070400, 0.000400, 0.109300, 0.109900, 0.000000, 0.000000, 0.016700, 0.014200, 0.000000, 0.000000, 0.010300, 0.034500, 0.000000, 0.003200, 0.003700, 0.000000},
 {0.285900, 0.151400, 0.000100, 0.248400, 0.247000, 0.000000, 0.000000, 0.028500, 0.023000, 0.000000, 0.000000, 0.002900, 0.010100, 0.000000, 0.001100, 0.001600, 0.000000},
 {0.143586, 0.071393, 0.000100, 0.364564, 0.383862, 0.000000, 0.000000, 0.014999, 0.012399, 0.000000, 0.000000, 0.001700, 0.006199, 0.000000, 0.000500, 0.000700, 0.000000},
 {0.031203, 0.022402, 0.000000, 0.385439, 0.538554, 0.000000, 0.000000, 0.010301, 0.010301, 0.000000, 0.000000, 0.000300, 0.001200, 0.000000, 0.000100, 0.000200, 0.000000},
 {0.012999, 0.038396, 0.000000, 0.148985, 0.572043, 0.000300, 0.000000, 0.063794, 0.162984, 0.000200, 0.000000, 0.000100, 0.000100, 0.000000, 0.000000, 0.000100, 0.000000},
 {0.327567, 0.422258, 0.000100, 0.103890, 0.084992, 0.000000, 0.000000, 0.030697, 0.023998, 0.000000, 0.000000, 0.001200, 0.003400, 0.000000, 0.000700, 0.001200, 0.000000},
 {0.327967, 0.449455, 0.000100, 0.072793, 0.057094, 0.000000, 0.000000, 0.048995, 0.037896, 0.000000, 0.000000, 0.000900, 0.002400, 0.000000, 0.000800, 0.001600, 0.000000},
 {0.100810, 0.265127, 0.000000, 0.321032, 0.217022, 0.000000, 0.000000, 0.051405, 0.042204, 0.000000, 0.000000, 0.000400, 0.001300, 0.000000, 0.000200, 0.000500, 0.000000},
 {0.011200, 0.033900, 0.000000, 0.109200, 0.459600, 0.000300, 0.000000, 0.081600, 0.303700, 0.000300, 0.000000, 0.000000, 0.000100, 0.000000, 0.000000, 0.000100, 0.000000},
 {0.018100, 0.054200, 0.000000, 0.210100, 0.485500, 0.000200, 0.000000, 0.079000, 0.152300, 0.000100, 0.000000, 0.000100, 0.000200, 0.000000, 0.000100, 0.000100, 0.000000},
 {0.061606, 0.128313, 0.000000, 0.418942, 0.343834, 0.000000, 0.000000, 0.023802, 0.021802, 0.000000, 0.000000, 0.000300, 0.001100, 0.000000, 0.000100, 0.000200, 0.000000},
 {0.292471, 0.269373, 0.000100, 0.208879, 0.201980, 0.000000, 0.000000, 0.009099, 0.007499, 0.000000, 0.000000, 0.002100, 0.007299, 0.000000, 0.000500, 0.000700, 0.000000},
 {0.472300, 0.218900, 0.000300, 0.138300, 0.136100, 0.000000, 0.000000, 0.007300, 0.006100, 0.000000, 0.000000, 0.004100, 0.014500, 0.000000, 0.001000, 0.001100, 0.000000},
 {0.666033, 0.106289, 0.000800, 0.076592, 0.076492, 0.000000, 0.000000, 0.005699, 0.004800, 0.000000, 0.000000, 0.012999, 0.045295, 0.000000, 0.002500, 0.002500, 0.000000},
 {0.674567, 0.040604, 0.002900, 0.032003, 0.032203, 0.000000, 0.000000, 0.003500, 0.003100, 0.000000, 0.000000, 0.048105, 0.152115, 0.000000, 0.006301, 0.004600, 0.000000},
 {0.824782, 0.041504, 0.003700, 0.010701, 0.010201, 0.000000, 0.000000, 0.007501, 0.007001, 0.000000, 0.000000, 0.024702, 0.033403, 0.000000, 0.017202, 0.019302, 0.000000},
 {0.011899, 0.021298, 0.000000, 0.112889, 0.482152, 0.000100, 0.000000, 0.076092, 0.294771, 0.000200, 0.000000, 0.000100, 0.000200, 0.000000, 0.000100, 0.000200, 0.000000},
 {0.004401, 0.007502, 0.000000, 0.083517, 0.887878, 0.000500, 0.000000, 0.004901, 0.011202, 0.000000, 0.000000, 0.000000, 0.000100, 0.000000, 0.000000, 0.000000, 0.000000},
 {0.003700, 0.004200, 0.000000, 0.072800, 0.911900, 0.000400, 0.000000, 0.002300, 0.004600, 0.000000, 0.000000, 0.000000, 0.000100, 0.000000, 0.000000, 0.000000, 0.000000},
 {0.003300, 0.004500, 0.000000, 0.034603, 0.928593, 0.000400, 0.000000, 0.007401, 0.021102, 0.000000, 0.000000, 0.000000, 0.000100, 0.000000, 0.000000, 0.000000, 0.000000},
 {0.001600, 0.002800, 0.000000, 0.015000, 0.922600, 0.000900, 0.000000, 0.007400, 0.049600, 0.000100, 0.000000, 0.000000, 0.000000, 0.000000, 0.000000, 0.000000, 0.000000},
 {0.001100, 0.002200, 0.000000, 0.010701, 0.922592, 0.001200, 0.000000, 0.006201, 0.055906, 0.000100, 0.000000, 0.000000, 0.000000, 0.000000, 0.000000, 0.000000, 0.000000},
 {0.001000, 0.002300, 0.000000, 0.009800, 0.922100, 0.001600, 0.000000, 0.005900, 0.057200, 0.000100, 0.000000, 0.000000, 0.000000, 0.000000, 0.000000, 0.000000, 0.000000},
 {0.001900, 0.005000, 0.000000, 0.023000, 0.906500, 0.001800, 0.000000, 0.009200, 0.052500, 0.000100, 0.000000, 0.000000, 0.000000, 0.000000, 0.000000, 0.000000, 0.000000},
 {0.004000, 0.009601, 0.000000, 0.060806, 0.880588, 0.001000, 0.000000, 0.010701, 0.033203, 0.000000, 0.000000, 0.000000, 0.000100, 0.000000, 0.000000, 0.000000, 0.000000},
 {0.003700, 0.003700, 0.000000, 0.066607, 0.918492, 0.000300, 0.000000, 0.002500, 0.004600, 0.000000, 0.000000, 0.000000, 0.000100, 0.000000, 0.000000, 0.000000, 0.000000},
 {0.001800, 0.003200, 0.000000, 0.031500, 0.951000, 0.001700, 0.000000, 0.002800, 0.008000, 0.000000, 0.000000, 0.000000, 0.000000, 0.000000, 0.000000, 0.000000, 0.000000},
 {0.001500, 0.001900, 0.000000, 0.026600, 0.964100, 0.001100, 0.000000, 0.001400, 0.003400, 0.000000, 0.000000, 0.000000, 0.000000, 0.000000, 0.000000, 0.000000, 0.000000},
 {0.001400, 0.001700, 0.000000, 0.024100, 0.967300, 0.000900, 0.000000, 0.001400, 0.003200, 0.000000, 0.000000, 0.000000, 0.000000, 0.000000, 0.000000, 0.000000, 0.000000},
 {0.001300, 0.001600, 0.000000, 0.015402, 0.971597, 0.000800, 0.000000, 0.002300, 0.007001, 0.000000, 0.000000, 0.000000, 0.000000, 0.000000, 0.000000, 0.000000, 0.000000},
 {0.001100, 0.001500, 0.000000, 0.012501, 0.971797, 0.001000, 0.000000, 0.002700, 0.009401, 0.000000, 0.000000, 0.000000, 0.000000, 0.000000, 0.000000, 0.000000, 0.000000},
 {0.000600, 0.001100, 0.000000, 0.006200, 0.968600, 0.002200, 0.000000, 0.002800, 0.018500, 0.000000, 0.000000, 0.000000, 0.000000, 0.000000, 0.000000, 0.000000, 0.000000},
 {0.000500, 0.001000, 0.000000, 0.005000, 0.967300, 0.002900, 0.000000, 0.002500, 0.020800, 0.000000, 0.000000, 0.000000, 0.000000, 0.000000, 0.000000, 0.000000, 0.000000},
 {0.000600, 0.001400, 0.000000, 0.006401, 0.961896, 0.004300, 0.000000, 0.002900, 0.022502, 0.000000, 0.000000, 0.000000, 0.000000, 0.000000, 0.000000, 0.000000, 0.000000},
 {0.000800, 0.002000, 0.000000, 0.009600, 0.957800, 0.004500, 0.000000, 0.003500, 0.021800, 0.000000, 0.000000, 0.000000, 0.000000, 0.000000, 0.000000, 0.000000, 0.000000},
 {0.001500, 0.003500, 0.000000, 0.022402, 0.947795, 0.002900, 0.000000, 0.004400, 0.017502, 0.000000, 0.000000, 0.000000, 0.000000, 0.000000, 0.000000, 0.000000, 0.000000},
 {0.019800, 0.024500, 0.000000, 0.408500, 0.536900, 0.000000, 0.000000, 0.004300, 0.005100, 0.000000, 0.000000, 0.000200, 0.000600, 0.000000, 0.000000, 0.000100, 0.000000},
 {0.016198, 0.011899, 0.000000, 0.398060, 0.568443, 0.000000, 0.000000, 0.002000, 0.002400, 0.000000, 0.000000, 0.000200, 0.000700, 0.000000, 0.000000, 0.000100, 0.000000},
 {0.014901, 0.009701, 0.000000, 0.364836, 0.603960, 0.000000, 0.000000, 0.002600, 0.003100, 0.000000, 0.000000, 0.000200, 0.000600, 0.000000, 0.000000, 0.000100, 0.000000},
 {0.017502, 0.015302, 0.000000, 0.243924, 0.698670, 0.000000, 0.000000, 0.010501, 0.013101, 0.000000, 0.000000, 0.000200, 0.000600, 0.000000, 0.000100, 0.000100, 0.000000},
 {0.017100, 0.027600, 0.000000, 0.145100, 0.665000, 0.000100, 0.000000, 0.049700, 0.094600, 0.000000, 0.000000, 0.000100, 0.000400, 0.000000, 0.000100, 0.000200, 0.000000},
 {0.006901, 0.012202, 0.000000, 0.063613, 0.660232, 0.000200, 0.000000, 0.040008, 0.216443, 0.000200, 0.000000, 0.000000, 0.000100, 0.000000, 0.000000, 0.000100, 0.000000},
 {0.003500, 0.006599, 0.000000, 0.031397, 0.688731, 0.000300, 0.000000, 0.022998, 0.246075, 0.000300, 0.000000, 0.000000, 0.000100, 0.000000, 0.000000, 0.000000, 0.000000},
 {0.002200, 0.005300, 0.000000, 0.020000, 0.730900, 0.000500, 0.000000, 0.015700, 0.225100, 0.000300, 0.000000, 0.000000, 0.000000, 0.000000, 0.000000, 0.000000, 0.000000},
 {0.008701, 0.025203, 0.000000, 0.099610, 0.664466, 0.000400, 0.000000, 0.044904, 0.156316, 0.000200, 0.000000, 0.000000, 0.000100, 0.000000, 0.000000, 0.000100, 0.000000},
 {0.018102, 0.041604, 0.000000, 0.317032, 0.569757, 0.000100, 0.000000, 0.021602, 0.031303, 0.000000, 0.000000, 0.000100, 0.000300, 0.000000, 0.000000, 0.000100, 0.000000},
 {0.023400, 0.044000, 0.000000, 0.203100, 0.398200, 0.000100, 0.000000, 0.116300, 0.213700, 0.000100, 0.000000, 0.000200, 0.000500, 0.000000, 0.000100, 0.000300, 0.000000},
 {0.011998, 0.020696, 0.000000, 0.106979, 0.656669, 0.000100, 0.000000, 0.052290, 0.150470, 0.000100, 0.000000, 0.000100, 0.000300, 0.000000, 0.000100, 0.000200, 0.000000},
 {0.002800, 0.004100, 0.000000, 0.027300, 0.927300, 0.000500, 0.000000, 0.008200, 0.029700, 0.000000, 0.000000, 0.000000, 0.000100, 0.000000, 0.000000, 0.000000, 0.000000},
 {0.000800, 0.001200, 0.000000, 0.007900, 0.970300, 0.001600, 0.000000, 0.002900, 0.015300, 0.000000, 0.000000, 0.000000, 0.000000, 0.000000, 0.000000, 0.000000, 0.000000},
 {0.002200, 0.000100, 0.000100, 0.000100, 0.000100, 0.000000, 0.000000, 0.000000, 0.000000, 0.000000, 0.000000, 0.008801, 0.987399, 0.001100, 0.000100, 0.000000, 0.000000},
 {0.001600, 0.000100, 0.000100, 0.000100, 0.000100, 0.000000, 0.000000, 0.000000, 0.000000, 0.000000, 0.000000, 0.006499, 0.990302, 0.001100, 0.000100, 0.000000, 0.000000},
 {0.006401, 0.000200, 0.000100, 0.000300, 0.000300, 0.000000, 0.000000, 0.000000, 0.000000, 0.000000, 0.000000, 0.009702, 0.981896, 0.000700, 0.000300, 0.000100, 0.000000},
 {0.009999, 0.000400, 0.000200, 0.000500, 0.000500, 0.000000, 0.000000, 0.000100, 0.000100, 0.000000, 0.000000, 0.010299, 0.976702, 0.000700, 0.000400, 0.000100, 0.000000},
 {0.012799, 0.000500, 0.000200, 0.000700, 0.000700, 0.000000, 0.000000, 0.000100, 0.000100, 0.000000, 0.000000, 0.009199, 0.974403, 0.000700, 0.000400, 0.000200, 0.000000},
 {0.012800, 0.000600, 0.000100, 0.000700, 0.000700, 0.000000, 0.000000, 0.000100, 0.000100, 0.000000, 0.000000, 0.006200, 0.977400, 0.000800, 0.000300, 0.000200, 0.000000},
 {0.009899, 0.000500, 0.000100, 0.000600, 0.000600, 0.000000, 0.000000, 0.000100, 0.000100, 0.000000, 0.000000, 0.004500, 0.982502, 0.000800, 0.000200, 0.000100, 0.000000},
 {0.012800, 0.000500, 0.000300, 0.000600, 0.000600, 0.000000, 0.000000, 0.000100, 0.000100, 0.000000, 0.000000, 0.015200, 0.968500, 0.000900, 0.000300, 0.000100, 0.000000},
 {0.008900, 0.000400, 0.000300, 0.000400, 0.000400, 0.000000, 0.000000, 0.000000, 0.000000, 0.000000, 0.000000, 0.015400, 0.972900, 0.001000, 0.000200, 0.000100, 0.000000},
 {0.000300, 0.000000, 0.000000, 0.000000, 0.000000, 0.000000, 0.000000, 0.000000, 0.000000, 0.000000, 0.000000, 0.000500, 0.970700, 0.028500, 0.000000, 0.000000, 0.000000},
 {0.000200, 0.000000, 0.000000, 0.000000, 0.000000, 0.000000, 0.000000, 0.000000, 0.000000, 0.000000, 0.000000, 0.000500, 0.981898, 0.017402, 0.000000, 0.000000, 0.000000},
 {0.000200, 0.000000, 0.000000, 0.000000, 0.000000, 0.000000, 0.000000, 0.000000, 0.000000, 0.000000, 0.000000, 0.000500, 0.984500, 0.014800, 0.000000, 0.000000, 0.000000},
 {0.000300, 0.000000, 0.000000, 0.000000, 0.000000, 0.000000, 0.000000, 0.000000, 0.000000, 0.000000, 0.000000, 0.000300, 0.982500, 0.016900, 0.000000, 0.000000, 0.000000},
 {0.000300, 0.000000, 0.000000, 0.000000, 0.000000, 0.000000, 0.000000, 0.000000, 0.000000, 0.000000, 0.000000, 0.000300, 0.981900, 0.017500, 0.000000, 0.000000, 0.000000},
 {0.000300, 0.000000, 0.000000, 0.000000, 0.000000, 0.000000, 0.000000, 0.000000, 0.000000, 0.000000, 0.000000, 0.000300, 0.980598, 0.018802, 0.000000, 0.000000, 0.000000},
 {0.000300, 0.000000, 0.000000, 0.000000, 0.000000, 0.000000, 0.000000, 0.000000, 0.000000, 0.000000, 0.000000, 0.000200, 0.976198, 0.023302, 0.000000, 0.000000, 0.000000},
 {0.000300, 0.000000, 0.000000, 0.000000, 0.000000, 0.000000, 0.000000, 0.000000, 0.000000, 0.000000, 0.000000, 0.000200, 0.970397, 0.029103, 0.000000, 0.000000, 0.000000},
 {0.000300, 0.000000, 0.000000, 0.000000, 0.000000, 0.000000, 0.000000, 0.000000, 0.000000, 0.000000, 0.000000, 0.000400, 0.968597, 0.030703, 0.000000, 0.000000, 0.000000},
 {0.011898, 0.000500, 0.000500, 0.000500, 0.000500, 0.000000, 0.000000, 0.000100, 0.000000, 0.000000, 0.000000, 0.036693, 0.948410, 0.000400, 0.000400, 0.000100, 0.000000},
 {0.062700, 0.002900, 0.001200, 0.003100, 0.003100, 0.000000, 0.000000, 0.000300, 0.000300, 0.000000, 0.000000, 0.040100, 0.884200, 0.000200, 0.001300, 0.000600, 0.000000},
 {0.012301, 0.000500, 0.000300, 0.000600, 0.000600, 0.000000, 0.000000, 0.000100, 0.000100, 0.000000, 0.000000, 0.010701, 0.973597, 0.000800, 0.000300, 0.000100, 0.000000},
 {0.002000, 0.000100, 0.000000, 0.000100, 0.000100, 0.000000, 0.000000, 0.000000, 0.000000, 0.000000, 0.000000, 0.002000, 0.990698, 0.005001, 0.000000, 0.000000, 0.000000},
 {0.000300, 0.000000, 0.000000, 0.000000, 0.000000, 0.000000, 0.000000, 0.000000, 0.000000, 0.000000, 0.000000, 0.000500, 0.977100, 0.022100, 0.000000, 0.000000, 0.000000},
 {0.001100, 0.000000, 0.000000, 0.000000, 0.000000, 0.000000, 0.000000, 0.000000, 0.000000, 0.000000, 0.000000, 0.002601, 0.991898, 0.004401, 0.000000, 0.000000, 0.000000},
 {0.004500, 0.000200, 0.000200, 0.000200, 0.000200, 0.000000, 0.000000, 0.000000, 0.000000, 0.000000, 0.000000, 0.012099, 0.981302, 0.001100, 0.000100, 0.000100, 0.000000},
 {0.000000, 0.000000, 0.000000, 0.000000, 0.000000, 0.000000, 0.000000, 0.000000, 0.000000, 0.000000, 0.000000, 0.000000, 0.005300, 0.994700, 0.000000, 0.000000, 0.000000},
 {0.000000, 0.000000, 0.000000, 0.000000, 0.000000, 0.000000, 0.000000, 0.000000, 0.000000, 0.000000, 0.000000, 0.000000, 0.006200, 0.993800, 0.000000, 0.000000, 0.000000},
 {0.000000, 0.000000, 0.000000, 0.000000, 0.000000, 0.000000, 0.000000, 0.000000, 0.000000, 0.000000, 0.000000, 0.000000, 0.005600, 0.994400, 0.000000, 0.000000, 0.000000},
 {0.000000, 0.000000, 0.000000, 0.000000, 0.000000, 0.000000, 0.000000, 0.000000, 0.000000, 0.000000, 0.000000, 0.000000, 0.005200, 0.994800, 0.000000, 0.000000, 0.000000},
 {0.000000, 0.000000, 0.000000, 0.000000, 0.000000, 0.000000, 0.000000, 0.000000, 0.000000, 0.000000, 0.000000, 0.000000, 0.004800, 0.995200, 0.000000, 0.000000, 0.000000},
 {0.000000, 0.000000, 0.000000, 0.000000, 0.000000, 0.000000, 0.000000, 0.000000, 0.000000, 0.000000, 0.000000, 0.000000, 0.003700, 0.996300, 0.000000, 0.000000, 0.000000},
 {0.000000, 0.000000, 0.000000, 0.000000, 0.000000, 0.000000, 0.000000, 0.000000, 0.000000, 0.000000, 0.000000, 0.000000, 0.002300, 0.997700, 0.000000, 0.000000, 0.000000},
 {0.000000, 0.000000, 0.000000, 0.000000, 0.000000, 0.000000, 0.000000, 0.000000, 0.000000, 0.000000, 0.000000, 0.000000, 0.001700, 0.998300, 0.000000, 0.000000, 0.000000},
 {0.000000, 0.000000, 0.000000, 0.000000, 0.000000, 0.000000, 0.000000, 0.000000, 0.000000, 0.000000, 0.000000, 0.000000, 0.002500, 0.997500, 0.000000, 0.000000, 0.000000},
 {0.000000, 0.000000, 0.000000, 0.000000, 0.000000, 0.000000, 0.000000, 0.000000, 0.000000, 0.000000, 0.000000, 0.000000, 0.258900, 0.741100, 0.000000, 0.000000, 0.000000},
